-2386
-3008
-315
-3723
7309
3272
-7334
-8955
9305
-1046
-5452
-6903
-5657
5575
-5278
-8609
143
-4773
-8033
-8077
3896
-7922
-3375
-724
4068
-5182
9200
8974
6803
-2505
9623
9036
2463
-2496
-3917
-9047
-4378
-5176
-6553
-1298
223
7289
-2234
6439
9619
5339
6489
-4017
5670
-2845
-5237
-6240
6272
7061
6233
-9939
-1238
-6028
5867
9105
-579
3088
5356
5365
-3145
2049
2827
3287
5300
-6497
4564
409
-4841
9779
8462
7235
-5703
-1201
5880
-6816
3418
6060
7843
7462
-1692
-264
330
3033
-4818
-6877
-9477
-4263
9293
1445
3377
-7482
-9742
8831
-3166
865
-6677
-2290
3940
-7403
2114
-7040
-8791
473
8407
710
7100
1015
-884
4160
9637
-9067
3996
-5017
9068
-627
5851
9114
-9946
1578
5062
-3410
-6993
6317
4974
197
-7709
1763
6136
-669
4723
9658
2964
3202
5373
-2373
-8668
-9946
9217
7558
-600
-8935
-3783
4485
7465
-3022
384
-1977
9723
116
-7828
-1328
9533
9606
-9435
8372
-9789
6543
4919
-952
5328
9181
-4611
-1641
5585
8994
5355
-7070
6603
-6270
8533
6950
-408
5533
4712
-532
1514
-7877
1196
-5104
6761
-3274
4656
2910
-7167
-6874
113
-2618
-6284
-8352
4691
8626
-3161
3371
1318
-5159
-140
818
-7563
-363
-8625
-5746
2353
-7647
-3553
-3871
624
-9205
-9033
-1859
-2278
7994
7256
-1628
2327
-9714
6605
-3355
5184
7678
-751
-4726
-3067
5592
9170
9298
-2583
-7758
-1788
7954
5476
2998
6361
-6211
-9407
4364
-6724
-8856
1274
5136
9584
-8707
-10
-5456
4997
-5289
-3093
2775
-4895
2652
-3026
-649
-8439
6839
-382
-8125
6145
3738
-8404
-8909
-9316
-7752
6269
-8202
246
8671
-4230
284
5487
-9867
9062
6998
1818
7779
-567
4571
387
695
7012
7581
4102
-799
-4643
115
-6921
4334
8598
8597
931
4441
-4373
-3576
-2657
2224
-8395
-2213
-3295
-9186
-4243
4203
-4
7672
8875
-3610
2795
9858
-8743
2100
-5872
1635
-649
421
-3621
2652
-6136
-4539
7301
3606
-3087
4767
-3769
2964
-8304
-7587
106
-4013
-1562
-6292
1965
4879
-72
4095
508
-8071
-4325
-9027
2447
8019
-4756
6150
4285
-8121
-4136
9774
-9176
4115
3332
2714
-4859
-9830
57
-5254
-8696
-6399
5994
-8562
8315
5776
-8067
4903
627
9028
7432
-9253
-5341
-5279
-3778
-438
-9210
-1625
6536
-5958
-4009
2926
537
-9823
3614
7390
1577
7819
6462
-538
6972
9448
-8880
-9422
-4105
-4520
-769
4402
8210
-2254
-2054
3070
3069
2007
-8017
-443
9342
-9505
9960
-6924
-8138
8867
-6926
-9989
2839
9779
7880
-4735
674
-6107
-2681
6818
5507
-2782
-8737
3307
-5140
399
-9189
-535
7481
-7683
589
-9813
2586
-7828
-3490
-1560
5765
-6014
-4718
1682
-489
-5407
-3377
9721
7956
9157
7581
7532
-537
-5661
265
-9503
2046
6978
-4343
3281
8320
-5786
2853
2246
-3825
-1043
7729
3845
-7515
-8291
-7195
4743
9922
8656
3058
7528
-4088
-990
3757
-7910
-5361
-7386
-7206
6143
-8097
-3606
-9092
4757
-5831
5183
-4548
-8497
6261
-8448
-6348
5639
-9083
-3239
-3493
1798
3566
-3583
-5889
-7367
6630
5039
-3924
6857
1235
4211
8873
-5209
8231
-5645
8724
9968
6304
9425
8955
-4341
-9321
1839
351
4895
-1303
-6802
3950
2122
-9460
850
1975
-5861
3232
4154
4367
5948
-4858
8387
7650
-1904
1607
-5332
6108
-4128
9501
4181
-2690
3055
8926
-8595
3326
1339
8170
367
-935
5735
8477
7839
4767
-2333
-885
-4270
9743
-3652
-8331
2556
-905
6780
2392
8803
3655
769
8688
2839
1994
8463
3911
-5723
-1780
-3423
6323
-324
3682
-5312
5755
-2082
-9633
9119
-1906
-6891
-4978
-1559
-2231
1466
8995
3072
-9042
9659
2955
-973
-7057
-6732
-8303
9138
5634
6647
7974
1405
-1953
5214
7971
-9801
-7126
1239
-7302
-7678
1206
799
3170
1379
4508
-5979
5450
-5453
8590
-9040
-1852
4174
6267
3284
-5721
-459
-892
1020
-8880
3559
-9449
-8144
4288
-1745
9534
2239
3687
4702
-1643
-52
-4013
-7227
-2652
-2716
8749
-8484
-6990
-598
-8519
7403
2046
9409
-5234
-4926
-8641
9367
-9112
-324
-8698
9723
-8939
-2965
2771
-7687
-6300
-102
2861
-4872
-7938
-5816
3146
-7786
-5405
4824
-5391
-9668
1020
-8070
-8438
7635
7127
6008
5654
-5903
-5098
4677
1708
3515
-1789
1558
-8475
-3280
4703
-6875
9137
-9564
-3839
-671
-4972
3836
-6721
2885
3410
7230
-1215
265
-6784
-3943
6672
3178
-4253
5376
-6204
-9694
2868
-5408
6035
-4211
-3564
859
-4317
2061
9377
3735
2273
8934
-3298
-314
5500
3569
-6105
-3062
-3486
7679
-6687
9294
-6486
-431
5900
2518
-624
1457
-4236
-6514
-6184
6896
-455
8746
-4395
-4997
-8058
-2488
-7467
-3932
5109
-5972
-6599
5062
3307
-471
-2677
-7460
772
3748
-4882
-6530
5464
942
-4257
6941
9620
-4181
2526
-7444
-394
2771
-2885
3438
-3715
2754
5771
-70
-1654
3447
-6522
7675
-4941
-1700
-176
-9242
-5880
9464
-3570
-3058
-1557
-4242
-5203
8058
5475
-5512
7081
-5077
8944
-9804
-7733
-6089
-5341
2717
2133
4947
2294
5620
-1100
-9430
-2497
-2530
-5982
1165
8247
6265
3944
8890
-813
-4624
3326
9677
5287
7048
9727
7102
-5949
-4378
-6029
-259
4411
869
-5561
1194
1991
6737
4783
1207
1536
-7433
2330
2567
15
-2713
-3166
9753
-2941
4840
6179
9104
-6328
2676
936
-909
-1383
-8393
-9917
1312
-4442
-34
-9742
-7877
-5768
2575
-5807
-3145
9510
6326
-5651
-1146
-5357
814
-8428
-4787
-7969
6106
2892
4401
4198
-118
-5328
-1437
7525
-1424
4037
-3597
9492
216
-6334
-5882
9317
8878
-4278
5280
-5268
-4360
602
-6013
-3975
-7483
2862
8095
6609
-9722
-8906
-7544
5157
3803
7695
-1859
-7628
7610
4267
4699
-3973
7802
491
-1610
-5243
9417
7871
6109
-6270
3486
1950
7129
-1545
-2391
-1435
7189
-380
3999
216
631
9079
-9974
296
-5654
-2037
9091
8500
8643
60
720
6742
-4624
7125
6283
1872
6579
-1873
6784
6612
7520
-2454
-701
1209
9604
-2326
1955
8737
5516
77
-7986
-4917
3200
333
6070
-9910
-1090
-1118
8602
8376
-5211
2023
-8300
-2938
7346
8941
7521
271
-5317
7297
-6438
4132
3270
-9608
2631
-7092
-6152
2163
-3260
7503
1126
-6282
-5964
3207
-6536
1969
-7444
4750
-3635
-6314
-3993
5108
6389
282
-6406
3163
3812
-8289
3281
-9856
-2171
744
-7768
5133
-100
-7454
4922
4535
-5908
-2908
-824
-1452
-962
-950
1864
-1942
4311
-3636
7505
-4277
-3729
-1870
-1066
5349
-231
-8964
-784
-1969
909
-19
8630
9436
5978
-6956
-4116
5225
-197
8784
6514
6593
399
8574
-1631
-5779
-1605
-4475
-7844
-6814
2619
2181
7999
1245
1144
-6830
4984
2807
-1310
4881
1759
-552
-8423
-2203
3066
1554
453
6840
4676
2978
-9018
3548
-8135
2
-1951
-8490
1237
-1166
5427
7640
1064
-5593
-5231
4941
2527
4344
4101
7856
2830
-1947
-314
-2991
7488
6105
69
1014
2173
-5818
-7774
-6172
601
-4707
254
-3331
3654
2854
-1436
-2903
9580
-2359
-2463
2822
3214
-5138
-3804
7206
-8065
-7874
2950
5043
-4003
-7251
-2090
-2370
2309
1108
6262
422
-3213
-6548
-1201
7540
5044
-166
-4316
-2941
-8756
6277
2129
-1370
6611
8425
7607
-3174
2454
8245
8444
-6384
-589
-8636
8972
-3347
-4069
4329
-8049
8203
-9513
-1511
-2810
-4832
-6874
-7430
8847
5088
-5871
-5658
-6292
1468
-434
5719
4190
-6521
-2925
-2360
-9103
4457
-98
-5267
-2830
4729
-6657
-6469
-2541
6966
8831
981
7624
2685
-5921
-7855
6055
9861
-2814
2612
-5836
1602
185
-3971
-1486
1023
-5290
3420
-1366
7520
5033
-3319
470
-1570
-3485
3712
3100
9617
-6036
5211
-4274
7128
-8489
3417
-8119
-4115
342
8859
-4720
1705
8246
4224
138
-1175
3677
3888
-8379
-3923
3897
5929
1528
-5634
8801
3660
-5992
2911
-7838
-6433
-678
-5259
3467
9972
-3839
5212
-9875
3348
4352
-6954
-8174
132
-9536
-6304
3725
2217
2083
8126
-1211
-5623
5398
-3911
-5737
-1180
-7864
-9807
-2034
7287
1717
8851
1565
-6448
-4709
8359
2372
9264
5811
6290
8920
402
-4067
-2988
-110
-6181
8370
-2204
-632
-1344
-7468
-5054
5405
-6775
-9372
795
-2749
-4195
9330
9053
2450
-1410
9453
685
1098
6890
4329
-1320
-4565
1690
435
2866
4690
-8669
1865
-8115
-4121
-7837
4471
5823
473
-2081
-7702
4429
4578
-9303
5171
9155
5852
9535
-5097
9248
7359
3988
-4038
9154
-2749
2927
9944
7204
9355
-1220
-2831
1473
-7563
8714
6378
-9353
-3885
7565
9552
4678
-5610
8272
43
6052
-8455
-4970
8987
-1827
-3667
-6904
-6631
-9037
-7702
3123
-4013
649
2668
-3307
-4436
-1220
-2441
2888
-8617
1517
-5204
610
1986
-8517
-2065
-7598
-7354
-5834
-6677
-3873
2228
-3149
6109
-8367
604
-4247
-2169
-3521
404
-7734
-1145
-2182
-7105
-2440
-7659
2723
7034
-8702
2783
-6101
9358
768
652
677
4926
1071
-7583
5303
5053
5712
-2135
9586
-7752
460
-7748
1773
-6167
8646
-228
-5695
-357
-2066
-3170
2546
3297
-8477
-1549
5072
-610
8770
5911
7009
-7727
-3201
4376
-1125
3713
8163
-7606
1923
3845
-4080
1227
-3062
-2024
-6204
-6404
7638
-2490
6108
5935
3546
14
-8633
-4631
-8055
-9102
-5248
3674
-2204
845
-7083
2720
9029
115
8275
3478
-328
9079
-1169
-7716
596
-9735
6337
5331
3982
-2658
1564
585
2016
8269
-8749
7359
-1946
-6135
5767
7170
-2766
-4665
5300
-8465
-5904
3284
-5193
1835
-8294
-9022
-3442
9255
5914
-9764
-5087
3896
-961
-8178
1822
4852
1169
6114
1883
6359
7268
-8731
-9614
-3874
-8399
-2120
2662
-3868
4262
-1525
-7900
-5853
29
4752
-3616
-8450
3735
5787
-9306
-5519
6329
9427
-1408
-9858
-1077
2756
-6431
8751
-7147
4667
1436
59
5521
-791
-2084
6579
-7120
9616
-1759
-5212
6037
-3315
-2250
-535
-4455
-2110
9889
335
1004
4895
3406
2972
8410
-6033
9309
9651
-9948
-5065
4212
9034
2674
7358
-5741
-1105
-4025
2888
-77
9280
-3220
-3720
7955
9352
-3046
-3071
4070
9023
3523
-1645
7688
8050
6179
8123
-3953
1236
6855
-7046
-4728
5970
7526
7879
7394
5855
-18
-7021
4750
-1720
4570
-244
7931
-9483
9112
-6955
4798
5887
721
3440
9532
2710
8905
-5262
4214
-3864
7322
-7413
1862
9767
6004
-7040
-9792
-5129
7002
-6191
-9385
9349
-7581
3200
-5960
6805
2815
5189
-8208
-9525
9406
-8187
196
-6747
3751
5083
-1578
6707
-7922
-9287
-662
-3344
-9373
-7071
-4266
-8289
-3711
-1239
8932
8163
-5156
4484
-5021
-8246
4256
3524
2769
815
1079
-6989
-1418
-667
-9901
-7637
1464
8020
4093
4297
3025
-626
-9053
-7902
4393
2670
-4340
-1977
7671
9847
3842
-1070
-1998
-4471
-1049
5842
-2266
2834
682
-490
3119
8145
-7443
-7585
-5012
-5854
-737
664
-9962
-997
-236
-191
-5292
9178
-4748
-6456
2630
5917
2741
163
-9034
2036
-7461
-4760
-7012
-5852
5765
-1908
9369
-3702
5102
2074
86
1032
3890
-4844
-8609
1662
3999
-1051
1122
9753
2962
4720
9280
9351
-6130
7354
6375
-5166
2445
5453
8906
-1272
-7909
4711
2113
-7006
2632
8295
2600
411
-3672
-9797
4884
-8186
7954
8538
-3652
-3734
-7510
430
1823
7466
2782
1827
6149
-7216
-5863
-7347
810
-9020
6645
-972
8780
-5753
4341
8986
2579
945
-7769
-6085
6913
6624
-6942
4942
3098
3133
1614
2096
-8665
5452
-4315
4150
-1837
6819
8239
8964
8146
-1600
1587
3073
5965
-567
2200
-906
2434
3343
1505
8106
2514
8257
688
-6380
-6597
4944
-131
-5532
-5787
5672
-7396
-5435
-8709
179
2821
-9862
5013
9132
-8045
4813
3647
3372
6657
6786
4696
5837
8354
-7328
-4520
-9979
-6019
-1772
3629
7639
1130
-1323
30
3694
-1407
-3228
-3143
-9347
3822
-6381
1480
-7903
816
9682
-9813
-4370
-7309
-9510
8943
-48
3279
4417
5497
-5574
-3791
-971
-1521
2875
9268
-8670
2777
7925
-274
8228
1853
-1548
-3174
-4535
-1988
9458
-1311
-5641
2538
-5695
-3977
4671
-7864
4294
3367
-3648
-5538
-3271
-930
-5006
980
-6036
1493
-9059
-6814
615
8794
264
-3907
-382
7863
-6856
5758
3195
284
-5137
-2027
784
1731
1390
9945
8985
2664
-6479
-8834
4663
-2
6219
2184
-8280
9072
-2900
1792
182
5259
2779
-2507
-4786
2468
4072
8544
6209
4266
5747
-9137
-2983
-6873
5336
6748
-969
-3248
8908
-5034
7203
-8801
4095
7704
547
6401
4430
8508
-9183
-6963
7064
-9
-8893
-7801
3882
3145
6472
-1803
3549
-2110
5722
9502
5107
-7443
7580
-6969
7884
-2112
-9364
-8474
-6874
-4968
4236
120
8828
8630
177
-5292
262
605
2676
4170
-5519
6305
-6814
-9680
5725
-7930
-6344
-2847
1585
-1722
2499
-1275
-4539
5890
3110
-8737
-450
-9035
7221
-860
-2928
-6813
1731
1796
-7885
1722
-2194
7291
4673
-5189
-9621
5198
1879
-377
-6890
6549
1423
6942
-3393
71
4881
8441
-1280
4646
1012
-3826
3200
-8311
-510
8860
-2796
6270
618
-5952
-131
-8860
-6560
-3350
-350
-2275
5957
3586
-6829
-6124
-3779
4438
9950
-8486
7007
3324
3759
3062
-763
-1029
-1232
-2669
1969
4532
1161
-6539
1897
-7440
5169
4140
1262
9895
-5000
-4214
5487
7414
1426
8407
9898
-2178
5792
5424
-9357
6353
4165
-4939
-4845
7828
-2811
4155
-4046
-936
8001
5609
5241
9400
9652
-3026
5576
4352
9578
-1440
-8224
-5312
-4867
2599
-2994
2217
-9044
2808
-4208
-8702
-8136
8293
6102
-3384
-9188
2142
1433
3631
-7376
7048
9575
-3362
-7371
9443
6950
3936
-4601
-2395
7857
9378
8925
1851
-2180
-8481
5755
-2249
-2857
-2640
-8652
6423
6320
-8161
-6849
-5805
6989
-753
-3132
8230
1835
-6821
-1144
9726
-2064
8508
-1819
-83
-7920
-6967
2584
-6514
-2275
-5936
-1885
-937
-7370
-4806
-9753
-6978
5369
3752
-8977
-7544
-3216
2142
3599
415
7838
-1073
-1964
-5294
-7855
8403
7939
-9693
-9552
-6194
1380
6713
6067
5275
-6023
9088
-2899
4042
-6452
-3655
2907
897
-1782
-7600
1330
7455
2940
-9700
-7989
-2518
423
-5413
-1651
5817
-3390
129
1233
202
-3407
-6977
8361
-5636
-5721
4196
2527
8953
264
4757
-8627
-6584
-2038
-6556
7724
-5239
157
131
9002
-2787
-6183
8769
-6652
-6291
8518
-8622
9591
-4947
1375
8292
1254
8232
2610
-8658
-7827
-8432
5782
-4388
8321
3928
7545
-4068
3167
-523
6816
3625
4152
-7339
-5411
-8778
-5655
-7084
-197
-1843
-9189
6054
1796
-1642
5078
-2455
-6000
3679
4008
-9464
420
3842
6131
15
-3185
3177
5428
6786
-4085
-8856
7817
-3810
3292
5691
2773
6481
-6532
4637
-7298
7969
-8675
-6053
3503
823
-4788
-3013
-8179
7774
-2785
-2241
5818
-4723
778
9242
6038
-2224
-3317
-8260
5671
-1277
7750
7433
-3797
2658
9552
-2040
-1402
-3297
3611
-2530
-9539
3002
7496
1529
-9218
5139
-6997
-8983
-609
9225
6836
-2984
2764
-4800
7698
1157
3896
9165
5005
-3657
-3250
-106
-7842
-3661
-2162
1828
-9528
5774
3827
8276
1489
8694
-5151
8285
4073
6239
7182
-6285
-3950
-8079
-8626
-7521
-6379
-1210
2078
-5502
-1580
6118
-3055
5601
-8337
789
9243
7442
-8188
-3641
6958
-7960
180
-9069
-9733
6189
3331
6431
-4523
3962
8877
-1396
-4457
-3629
5191
4159
1663
-8887
4859
-4105
6613
-7778
-2162
3069
-2924
-2822
5972
1858
-4986
-9781
9668
6394
-795
-1759
-4746
2196
-9175
5802
-9674
-9840
5665
7564
2536
-8672
5068
-6641
841
9951
-2480
6778
-1277
-9116
7214
-1660
-1322
9662
-3724
-8393
1662
-4001
6478
-6464
-8263
8835
1930
1063
-4334
5338
-1615
3893
-8221
-2491
-2886
-3447
8215
-8904
9676
1680
-7581
9057
-5646
6649
7061
3713
-6826
-9039
-1435
5062
6639
2506
-9118
-1211
-443
6016
-1188
3301
2026
3439
-6057
-9046
-9614
7479
2326
142
-291
-995
7911
-5026
4669
-3416
1062
-7601
-8029
7116
2222
9533
-9063
7064
-5119
118
-6197
-6880
1416
2657
-8645
-8924
9886
-2188
-7808
-9014
5782
3095
-9826
6314
9761
-2333
-5336
5927
3758
-7596
-2083
-1722
-3426
8025
-4098
1629
-5333
-3259
-9146
4897
-9721
2507
-6884
-1441
-7955
1046
-4617
348
7294
-9148
-9167
5883
-3730
7094
-3200
-4964
-9426
-5464
-9629
-3321
6495
1472
4198
-8308
-5572
-7364
-1641
7454
-5680
-7981
-734
-4929
-4526
-3060
6226
4431
8905
5647
7407
-2994
6870
-4688
-9183
-9441
-4840
2935
5477
-9298
795
-9403
856
-9447
-717
-8115
-1171
-1758
8844
-4452
-237
-7745
-4247
9239
5657
-5766
-7935
118
-8149
1130
-9951
9328
-9068
7089
7988
345
2501
-1794
-8508
-2745
8049
4348
-6121
-552
5597
-1427
-5835
4841
9650
-4838
893
-9996
38
5713
-1635
-2441
-1863
-2454
4093
306
4090
1065
-1508
-7042
-6894
7231
2957
5045
2137
3689
-7327
-1114
-4077
-5179
2749
-5662
-8847
-2238
-1671
-7061
-1222
8758
-2902
5062
847
-6664
1999
9731
2210
-3328
3314
5532
4495
-8351
2700
9081
9313
-6187
-2458
1160
575
175
-8950
4328
-4066
4050
3080
-255
-7482
642
1389
751
-5734
-1637
-3464
9146
5933
-6688
-3888
-5348
7869
-7891
1579
-3347
8186
9007
9989
6017
-6169
3414
-7113
-4974
7200
-6488
6426
2575
-4414
9034
4836
4526
-4228
1787
2403
7456
4602
5901
-8106
-2116
-293
7379
7300
3458
7006
-2285
-3498
-7380
2551
-5450
7016
-1443
-9249
-2049
4185
-3947
-1971
3359
6454
6049
9146
3889
-2219
6356
6922
-5382
3131
9084
-935
-7792
3941
-6617
-2828
4569
-2844
-2368
7800
5866
3469
5747
-160
6400
-9268
3238
-3886
-6380
-8813
3091
-5835
-9614
7706
-651
9264
1890
765
-6125
-9388
-2601
5544
-1415
9005
9463
525
-6756
-3685
-4145
1698
-5555
-2856
9262
-7733
323
3387
2199
6388
-3570
9417
-2477
-8935
9791
-7336
-2416
-5100
8804
-9361
-350
9192
-3129
2629
-1097
-4377
-9822
5420
-5382
-2406
-4279
2793
2918
-7173
661
-5198
5376
4227
6578
1821
-1520
8093
-8535
5072
-6632
6769
-6833
-1439
2456
2105
2127
-2750
-3898
-361
9203
9869
-6429
9341
6506
-3727
-4278
-398
9407
-4130
-4928
-5523
-9640
6351
-6061
-8647
7992
2525
5142
-7287
-2516
1334
5586
9683
6751
-1288
-9619
-4517
1629
4197
-2071
-9826
-9569
6293
-7928
8204
4653
2553
194
5221
-3256
-9337
2744
4877
-1280
-6261
-6308
-3810
-7313
4451
-8833
6895
2670
-3540
-9667
7908
7143
-4732
-2521
-6318
-4414
7889
9506
6066
1260
4523
-87
662
-4471
-5123
2604
-7977
8463
-3114
-3424
1459
-4785
760
2321
-4489
-6439
691
-639
103
-4565
2523
1743
-8185
-6927
-9676
-5305
-4527
1772
-445
2206
8346
-3369
1104
3920
-6435
-9803
-7504
-9627
-449
6372
6554
-7974
-4513
2739
-5258
-5689
-6665
-7034
-2529
-3350
2856
9388
4242
343
5172
-9359
7664
-3579
-9833
-1603
-4193
-3480
1577
-6653
-292
-6750
1263
-433
8327
-8599
-810
-8555
2764
-4522
618
1271
-3357
-6219
9025
-5120
9586
-8903
5406
-6880
-747
5288
336
8777
-2754
1977
1668
7687
-502
1690
8170
-6809
1109
2339
-1201
3787
-6010
9013
-1801
676
1445
-3260
6041
-887
-6871
4615
-8987
-3584
308
-4762
-6873
1944
-1271
-3338
5973
9596
-887
-3094
-7132
-9051
2399
-629
-86
-3120
-9985
-8831
8229
2223
-7110
-8491
1856
7463
7378
-3607
-8859
8038
-4759
-9359
-7935
-6158
1291
1509
645
-3571
-9251
-5029
9384
-452
-1307
-6400
-1551
-7819
4311
8970
-1386
6246
-6656
4697
8789
6344
-94
7477
-4232
-8561
9567
-2936
9029
7391
5494
-1243
-8725
999
1125
5304
5881
4397
6707
3207
-985
-4744
-3128
-5487
-5795
-2062
-4980
-62
-9595
-2424
-2245
-509
6322
8200
5886
8250
-5014
-7476
-2921
-346
-5092
1298
6871
-6151
2129
6090
9786
-5849
-833
8237
4193
-1273
-8841
-9217
9030
7575
-4481
3920
744
-6512
-6773
-2382
-2523
2564
-1317
-7220
1207
9495
-6592
-1434
5657
-1388
9779
155
428
4154
8107
-4623
-2634
8262
-3631
5178
2141
4312
-9265
5960
-3408
4906
608
-3645
6722
134
-7544
937
8371
-4613
3411
-980
3547
-7455
-7227
-7252
-3388
5077
7345
7671
4587
6272
8267
6645
3057
-3042
9365
-6794
-9991
4541
-3679
-6587
-8836
3027
2774
-8904
3184
9777
4805
392
-6359
-7722
-6457
1800
-3467
-2416
-7399
226
-6024
9865
-422
5642
764
2128
7509
6625
9447
4695
1052
8678
3444
3858
-9868
-4263
-4086
-5620
6215
8601
2929
-1603
-2993
-7781
1694
-9104
-7007
9742
1948
-2542
7932
4421
1553
4415
7898
7375
-7774
8707
8516
2554
650
-816
2154
9500
-8782
9373
-2662
-9622
7549
-1800
-1479
7901
7240
-1870
-5181
-4525
7969
-3734
-2066
-1068
-8687
2132
-8629
9196
-91
358
-7132
5826
-7332
-9253
-1849
7270
7520
-9058
8686
-1046
-2759
-4761
3712
-8818
-5907
-5001
8106
-8876
-8431
8158
-6801
6316
5116
-3831
5766
-8830
-2673
489
-4421
-962
-3160
-5386
891
4684
-8272
-9192
2645
-1119
-5568
1884
-6246
4414
12
9583
8878
5265
4800
8978
-9146
-4763
1255
-2826
-7035
-7868
787
8940
2142
-5210
-1356
-7145
-874
-9267
6182
-9194
-3747
5198
7981
-6820
-9087
2517
-4502
7803
-5242
-5940
-3349
-7434
-1932
5662
8166
-1278
-4222
9995
-7443
7400
-8460
-9498
7940
1772
-3690
-4485
439
3616
7114
8877
1774
-7498
-6057
4447
1933
5585
8354
7737
-9796
-7020
-1805
-9773
6723
1478
9151
4074
-4006
1816
-6146
9754
-7459
509
-6086
2614
-5870
4052
-6195
-1771
-8435
1349
-739
-9465
5662
2250
5798
-8667
2216
4378
-2223
-7392
-9329
-9810
-8084
-7087
-1927
-9415
8075
6509
-3389
-737
-1982
-1344
-8791
9483
-102
3609
-3753
-7970
7846
9501
-3949
8502
-4302
9709
1516
1310
-8187
4856
9536
3746
9719
-6792
1997
-6934
8074
-5954
-9974
-686
3438
-5736
3586
-5816
-1987
-1744
6065
-9900
3073
4556
3935
8374
148
6963
7356
-6315
-5671
4934
-9828
-9463
6389
6802
-2514
500
590
4809
-8396
138
-1578
2824
4392
-4215
6223
2157
3078
7384
-2879
-1147
3522
6357
8395
-1920
9785
-8229
-7110
9324
4117
-2827
9871
-7969
5588
-3622
-1326
6378
6120
9726
-4972
8213
-2164
-2327
-2060
7654
-714
-8762
9964
2201
4822
-459
-9130
7376
-2822
7730
-214
-6116
6754
-9888
-8677
1065
3460
-4875
-383
739
-1994
3082
6921
-9704
3444
-454
-8225
-3078
8667
5126
-2298
-2510
6936
-4922
9098
2668
2552
-5068
4141
-6800
9870
2270
2477
-2464
6432
8582
8848
3387
3091
309
2836
7896
2826
615
-1533
35
-3424
289
4788
3892
7028
5907
-865
-9233
239
-1175
-2854
4623
-7833
5100
4297
-5673
-1379
8906
-8188
-925
2033
8695
3008
2620
-7938
3986
-2568
5076
-3741
3256
-9403
-2203
-9507
-2568
-200
-8307
6914
-431
1907
-728
-1437
-6023
7460
-8235
-5039
6808
-6649
1960
-2431
-4052
-1512
-1441
-1346
4833
8235
6752
3486
3994
-192
-1400
2561
953
3896
-9442
-9160
9005
-9991
-8642
6298
7616
-436
5720
9389
4256
-1823
-397
3127
-7368
8131
-8976
9808
-5476
9
-6761
-9286
698
8029
-877
-8332
-4623
-8972
1689
-2765
2194
-5518
9105
-3253
-8133
7786
8578
-3355
-633
-8711
5942
-4064
5080
8327
-8966
1152
-3626
6716
-683
-4144
5497
-947
-2233
9111
3668
-3809
-9213
-6477
-6218
9544
-5213
-2328
5092
1808
8083
9763
5447
1494
-301
4710
5532
-8077
-7237
5881
4671
4248
2830
-9233
-5330
4905
-5546
2121
4399
-1208
-608
-4891
-1451
2314
7248
-3012
-3407
-4445
-4794
-5143
-1725
-4303
-8281
362
2001
8260
4709
-5369
2123
1610
-6857
123
3636
-3954
-8134
387
-1492
2717
-6808
35
-8818
7324
2348
-6849
9670
-1234
1158
-6763
-7477
6111
2244
-7606
191
7598
-6382
-1721
8558
-6621
-9468
2500
5444
-4244
7344
1736
7778
6149
-7717
-455
1001
-2310
-7745
499
5634
-8093
7558
9400
6663
-6182
-8742
2950
-5698
-3849
579
62
-6938
-9388
-438
5629
-1809
-1676
4167
2139
-6295
677
1235
-4569
6501
-2914
8000
2846
-2574
6481
-5905
1305
-750
2653
-5007
-5464
8139
-2608
-3878
5306
-467
-113
3638
-2773
-51
8105
60
-7339
7659
9291
6187
-137
2617
-7912
-5872
-9992
-3868
9660
6654
-5693
7738
4451
-3427
-1476
4404
-2840
-3077
1407
-7543
5355
-7703
-5907
8008
269
-566
8215
3180
7786
2115
2968
-6247
4574
9023
2093
-8740
-4137
-2186
1214
-6377
4288
-9487
-624
437
-1347
-9197
3189
-2705
-9531
2812
6627
828
3428
7963
-7602
1687
-3058
6398
3668
-991
2561
-6559
-6699
-5294
-769
4510
-1565
-3873
-4194
5989
3310
2892
-666
-825
-98
8870
-8246
9133
8377
-5711
9486
4387
-9473
-2773
9354
-4990
353
2587
-8772
-1512
-7348
-4346
2607
-4951
-3845
-5117
1072
-3603
-7233
4063
-9253
-9279
-5125
-1840
-2168
-4984
-2413
-4156
1450
-4630
556
5121
-5956
-1812
6570
-6496
-703
-6254
2439
4969
-2078
7715
6939
3053
9265
-1244
635
6519
-1946
2883
-3414
-3002
-4566
-9095
2758
5323
-3930
-4763
-8410
9224
-6706
2232
-7861
-9128
-6307
5018
1923
-9958
-4075
-2115
-4397
-2711
-549
-6409
-8161
3092
1338
-39
-7235
6353
-1261
-5475
-5610
-2463
588
-9741
9504
6751
-2444
1724
-7758
7123
9289
9622
-2519
-3090
4934
53
4852
2448
652
8731
-9720
3083
-1903
8765
9701
-2818
667
-507
2546
9411
-5269
-797
9740
3937
-2258
-5970
8078
-9564
4524
564
-3058
4525
-6047
1989
3912
8140
-8682
-6818
4608
-4280
-2444
-4643
3039
8716
3173
7063
-4105
-5254
2188
6716
-180
342
-9792
-9819
4342
4896
9906
283
7268
-3413
8446
7797
7012
4773
6026
-8762
2916
4516
2742
-7152
1277
4611
2051
626
1341
-4111
-5342
8606
5694
187
7874
-3379
-9544
-4788
3324
-5533
2025
-2026
-7446
-4017
-4360
-3342
1245
-2145
-2741
1374
3116
9686
-5744
9578
3071
-1265
899
2593
8664
520
-3539
-8426
-1472
-9490
7039
8816
7619
545
2975
-2304
6360
1633
-8437
4840
-34
-3402
1321
5765
-3816
7279
8794
1363
-4481
-7158
-2471
-8130
-7035
-1368
-7668
-5009
-125
7520
5939
7499
-2012
-8637
46
6967
-9092
-8035
-6253
7092
6403
-6824
3722
1015
9240
-5808
3168
7264
-7433
7668
9262
191
4621
-4897
2494
8902
-9967
-1542
-9598
-1294
6549
-967
2457
-4870
-1655
421
3986
-9778
5703
6621
6090
-924
-829
-707
-4924
3945
9264
-1034
8705
2686
-8385
9749
-1172
258
-9954
-4743
4200
4579
2532
6585
1473
3098
9357
544
-5987
-9904
7467
-8142
1400
-4489
8097
1978
5376
-821
3507
-4854
23
-9533
-2517
8098
5960
4818
9111
9938
6085
-5635
-8342
7154
1844
6924
-7764
8388
9628
9974
-9377
-7317
-2057
-1349
-7611
-9943
-3278
1131
-3858
8533
9295
4718
4359
-6814
7750
-1585
8835
-1779
-5308
-2406
-1405
8325
-4798
7626
1755
-715
-736
-7651
-6553
-5458
-5177
-4081
-2320
-560
-5601
-9959
-3250
-7976
6876
9407
8797
161
-5903
-9662
-7097
-5529
-5537
1854
2639
-7943
7980
7943
-5404
-2829
8374
-6594
-3391
-7359
-6389
-2553
-9459
-6131
-1636
5127
3017
-4099
-6947
-6859
-7778
7365
-2845
7372
9080
-6933
-2597
2957
-103
-9100
-1782
-446
8054
8340
8435
8733
-6243
-3580
9059
-2823
-5720
738
-7354
4161
5595
3796
-5771
8451
1874
4290
-8327
847
1431
-9372
3539
6287
980
843
-6368
-4279
1849
-8762
9469
1604
-2749
-3865
9594
-6004
-690
3614
5194
-4906
-8574
8154
-7108
-9721
847
-27
-5671
-8222
-4339
7795
1892
-6029
-4149
7182
9851
5223
-7896
-6908
3761
-7283
-8973
1822
1861
-9525
-8865
-8811
3311
1637
6295
-1297
3608
8386
4042
-7470
-1026
7026
2587
8139
-3407
4198
-269
6717
-1617
-2943
5840
-5433
8905
-6014
5849
8726
3150
2106
2925
1092
8686
266
-913
-1237
6472
8229
-3302
421
5892
9958
-5909
-1295
8664
2859
7778
7533
-4870
3067
4332
6446
9020
-1222
-9478
5806
-2677
-3684
6677
-5615
-2591
302
-2058
731
1791
9263
-5330
9441
1512
1278
3303
1785
-4405
4134
-3440
5476
-753
3708
-6751
6811
5438
9166
-3994
9228
-1648
8995
8750
-8805
6291
1409
9228
6137
-9694
3858
3749
9825
8000
5128
9034
-4230
-4393
1010
2021
-1132
7483
1850
-6419
4677
-6636
-6481
6619
-4868
-5054
6043
8650
9314
-7645
1446
-6535
-1096
3685
-9203
6696
-1888
-4671
-9522
9752
9781
-4393
6412
2396
3680
-770
8207
2200
-6513
4753
-9410
7309
8077
-1451
7125
-6561
1748
5384
-6639
2803
-3230
2278
-9016
7750
-492
-121
-729
-5246
3423
-5888
7226
9543
-2078
-3672
5574
-1231
-8909
-3525
-544
4700
7222
9586
-5583
-5182
-2625
-5121
681
6460
-5885
-9209
287
2456
8534
-4113
7334
-584
-8197
2477
-8940
-8575
-8740
3735
-5079
2109
-1992
7491
9127
-6709
-2582
2900
-9256
5434
-5311
6250
4901
9851
7933
-353
4793
7507
4217
-7379
499
-8642
-8732
7037
-5793
1925
5061
-4296
-9057
9007
-5750
-2748
-32
-2510
3434
2589
-5862
-2041
-6385
4195
-8792
-8150
2642
4105
450
7692
6611
-7372
-9233
4983
8375
-9501
3791
8694
-7932
334
-7033
6726
-9982
4643
7376
9288
-6079
-5026
8217
-1291
1244
-4320
3103
5448
-7685
1922
3592
-6719
-3514
3504
-1393
-3337
8392
-6939
-8964
3590
5602
-7133
-5661
-4287
-8705
-5411
-5088
8142
-6105
859
1798
5459
-6055
5102
5145
-1069
9775
7774
-7933
4984
-9842
1322
5393
-7633
5743
-4045
1228
-9915
142
2660
8354
-5031
-5203
3624
8214
804
-8235
-7603
-468
-8234
9761
-6820
8635
-4265
-7196
-7720
-5446
-2228
8256
6843
7950
1528
9726
1938
4608
-6970
-7537
5758
2009
2660
5756
-6990
5686
-2586
-3741
-5684
2143
-6405
-9367
-4351
-4869
-7111
-9292
6879
-3326
6757
-8986
-8534
-9562
5669
-4455
9217
-5044
3567
-8327
-5684
3772
3468
-6074
-8861
1712
7715
-6695
-452
-3876
-2051
-5228
7094
5846
-3839
7663
-1151
-3420
4324
-9141
2857
-8865
-6731
5660
4252
3917
-4060
9839
5697
-8132
-1437
-4949
8852
7199
160
-418
7593
-3533
92
-8434
4409
-6808
5481
7482
-7172
-4089
-589
543
1635
3456
-4793
4932
-7572
7676
-2912
4593
-2169
-6283
7243
-6766
279
7092
8511
9713
4438
3954
-4161
5238
-9943
-4068
-7882
9008
9421
1185
517
4436
8459
1507
6348
-6163
4717
6906
1258
1820
4364
-9471
5226
3996
-8250
-4234
8022
5997
-9832
-2589
3939
2413
2992
-6777
9383
-755
-7738
4185
-2768
-3722
-8279
2161
-7551
-3947
-929
9755
-8578
4597
-8667
-5457
-1980
-7855
3973
491
961
7617
9927
-608
-3597
-5215
-4343
-222
-2351
8428
7995
8753
-9403
-881
4169
-4689
5045
3951
-531
-3314
-2503
8959
-7373
-7786
3270
4016
6658
-973
4270
3519
-7954
-4945
-4358
1347
-9190
361
-1280
5202
-4070
-9630
-8576
-3827
-6639
7820
-2768
-2244
8718
2407
-8721
5840
-8201
6333
-269
7859
-5162
5842
-9268
-1553
1582
-3499
5442
-9414
807
-2247
7978
-7860
-3972
-7161
-4673
2047
-9405
-1192
9257
-346
-733
5600
-5657
-1253
8763
9698
-1743
9632
5469
-6030
4531
9551
-961
9754
7436
-7992
-4629
-4942
4466
-9832
2215
436
-5305
6416
8608
7665
-4063
-8618
5921
-2898
4299
-8352
4074
2079
-414
5694
-6030
-4202
-9610
-4879
-5092
-6160
-9796
4925
-2270
-4406
8749
-7708
-3647
9127
5195
-6164
-8403
-3313
-5643
8113
7492
4978
5203
7847
-5445
-221
-4828
7145
-4206
-5464
6585
2123
-8216
-7554
3610
8540
534
-3714
-1121
-6619
9180
-7152
-6256
6265
3088
1623
3983
1924
4789
-4179
-130
1321
6308
5642
-5884
9953
-4230
5447
-2671
-3923
3430
-6265
2946
-5026
-3307
-5845
-6382
4553
4094
-687
1771
9375
2643
3888
6196
1704
4028
4910
4460
-5337
-6748
-1533
-1692
3252
-6434
4445
-455
5528
-4680
-4985
-313
6107
8628
2584
6056
898
-2026
4381
55
-3284
-8528
-2718
9624
7846
5852
747
2564
-7105
-4702
5143
-3027
6046
2045
-3529
-3859
9723
-4236
-4050
-3729
6224
3240
-4142
1793
-6069
-5235
4280
1579
4073
-6889
-2324
9858
6269
470
-2343
-8707
8768
-4628
-7779
-4363
7044
-7774
125
6565
-7719
6526
6403
7763
-4795
-5051
-3120
-6050
1653
9511
8906
-9276
8656
-7671
-7534
8247
4357
-1871
-4132
-8947
-9229
2126
-9116
-2637
2978
-5776
-9773
-7486
5545
-1295
-9665
9446
8664
-7265
81
1794
-3134
-4817
-2450
925
2913
8654
7707
6937
-6694
-5699
-147
2229
-7319
-4371
3392
-269
-491
1905
-419
-8495
3836
1683
-1890
2839
3441
5656
-9353
3150
1368
6154
-7928
6939
-4457
1231
8583
-1863
-2427
-3649
-6977
9577
-7133
7636
9770
6939
-1174
2165
-127
2840
-6553
-1136
-6726
-4779
-9363
-3615
4586
-6880
-6950
-9215
-5119
7751
-7771
-9191
416
7530
6450
-2046
-5628
5944
-564
-9894
-8229
-1408
8904
6674
-4286
7055
-4904
-647
7158
2916
7209
4293
-3461
-1859
-4463
-5603
2581
7516
3108
-5851
-915
-8064
6524
6595
687
-9909
5406
-6745
1000
-1731
4187
-3423
6131
891
-2673
6287
-211
8753
7331
-9894
-9376
4506
-6007
-6080
-7469
8612
6985
-2046
4949
-6746
-2083
1727
5487
8715
2864
-9617
1511
-3061
82
3068
1543
-6908
7559
-173
-9035
-8728
-8352
2897
3336
6103
-7209
-1020
3714
3235
5969
4764
-8063
-6603
-8969
8544
158
6168
-7919
73
-1736
-8730
-6136
5478
7740
-7820
-1948
1987
9309
-8783
8603
-9139
1627
9160
525
4396
-4762
3864
-2612
6755
-5089
2159
2764
8433
2899
-2720
8612
-2684
-497
9496
-5840
-5946
-7720
-7715
5857
-8900
-2841
2652
5469
-2549
-7011
5157
791
9660
3903
-3981
-1662
-3310
5510
7627
8056
-4892
-7417
3212
-3951
1613
-2982
-8615
-2820
2920
-608
-6637
-1001
-5500
8364
1929
-4634
6899
-4135
-613
-2655
-943
-5465
-9576
-9537
9275
-8972
-3058
-1118
4150
-5566
3720
-8880
1067
8351
-5931
-1576
1787
-4911
7260
-1636
-1340
7737
-5709
-8305
-5132
847
8849
-8604
4984
-4837
5273
-7683
278
-606
789
409
4546
-5685
-9340
8275
-7553
-4250
7798
-6351
-6569
-3397
-5560
-1786
7764
-2911
1541
-4397
-5250
6424
-114
-5272
-570
4662
-3817
8955
1870
9401
8215
1289
2444
-1513
1729
5802
7481
8928
450
9432
6980
-6944
7547
-5146
2197
-2831
-1632
-2492
-8403
-21
-7298
1914
188
5308
-1188
9316
-6743
6046
3015
2091
9822
2741
6322
-7806
-6665
-3331
6069
1444
4786
-7529
9590
1266
9407
4285
7866
-3027
-4307
9982
-130
5895
7385
-9050
-9876
-7179
-1152
8579
5410
-9626
2393
-5818
-8810
-3341
-8184
7231
-2358
-3162
4250
5654
-8404
2912
6826
1698
-2412
7880
-6098
2787
1781
-839
-3859
907
1529
-9992
-6696
-7068
2694
-651
9644
7289
-5286
1392
3050
-5216
-1565
-1411
8914
6589
8339
-8500
3403
3532
-6305
-4951
8688
-5835
8374
-6328
-3876
-4205
8502
5265
-162
871
1027
4176
8127
2006
9969
-344
-3539
-9113
-4293
-6889
-5233
-4536
7294
7356
-6669
-8854
900
3905
-8464
-3246
-2375
-4422
-6245
-7384
2636
4291
-5426
759
-3620
4386
-4254
372
-8295
-7016
2447
4752
5805
3903
5796
-3495
2782
-3675
7643
-4432
6907
-2602
-3504
-8028
-263
8316
-1058
-8890
-7331
7178
9471
-8213
-3103
7770
8381
6056
-6374
9443
-1379
8030
-6315
9014
1397
-5304
2071
5674
1316
2128
-4544
8925
-5058
-8390
698
9764
-7305
-4299
2888
1532
-1422
3939
-826
4944
-1917
-7255
-1579
6921
5750
-6514
-4310
-9957
4061
-8914
-5750
-2007
6735
-9231
-1240
-1598
-6520
-2922
7288
7623
-4000
2821
-4971
-2717
-6821
4229
7318
1519
-4499
4053
-6376
689
-7170
-5276
-1466
-5845
-8480
3848
3365
1243
7726
-2417
-7026
-6171
7190
8207
4615
5443
-53
-5992
648
-9421
-9131
6088
-6744
-6594
3116
6649
-7615
2357
-1481
4516
8177
4374
3473
-5255
-5469
-9472
1379
411
1527
8948
-2763
1542
-2943
3367
6568
-1411
4169
5445
-4507
-5088
-8775
-1492
-6639
-8484
7585
-1751
-432
9152
9539
3752
-6208
9932
-9064
5297
4054
-1839
-1625
-1790
-8502
-701
2163
9791
5593
-1209
7255
1371
5736
-5955
-7550
413
5731
2739
4972
-7747
-227
-6794
-1664
7548
-6519
4072
4371
-8680
-4833
7233
-8600
-4157
-2236
-134
4844
3489
-6950
2717
4615
4767
-964
738
-2634
6141
-3790
7236
67
2877
-2750
-2369
9569
-8149
-1133
1608
-6328
-3834
8232
7772
2237
-8420
-1028
1602
-9552
-891
-8323
-374
-5762
3216
3537
-1724
-2009
1084
-7806
6002
-3374
7823
-330
-7157
-7726
-4738
2960
4936
3049
-9812
1490
4760
3390
2236
8296
-2307
180
-7178
-9517
-7411
2907
-9108
-4412
3347
2508
-42
-9158
-6454
-3186
-1710
-7166
8328
-9684
-4156
521
2202
-9262
-3081
8520
9538
5529
1456
113
-5194
1071
-5766
5573
8113
-9185
-4794
2861
4240
-9365
-7951
7010
2060
7388
-8490
5621
-9454
2831
1373
-7416
5158
4720
-5623
6957
-5383
-9330
5845
-292
-4831
-1850
-5230
9539
-3252
3095
-8504
-3176
1607
-7533
799
-4667
-2922
-6049
-5194
-6089
-564
-8637
-2328
-8644
-6072
-461
307
6851
1009
6303
7982
-8923
3240
263
1541
-4460
-4015
1673
131
-8581
3565
-9296
3696
-752
8191
-7345
9744
4811
1122
-1256
1365
3083
-5333
-7911
-5667
-1032
6074
-9689
-6356
1525
-703
-825
8574
-9070
-1499
-8894
-9130
8746
6016
2333
3863
-2968
-9877
952
6384
-3301
-5170
8967
-8865
-6720
-2479
-5219
-8678
9525
6026
-9462
8724
8425
-1097
2411
-666
1325
4582
-8829
-4164
7868
7816
-9288
903
-2085
7892
-1544
1201
-3861
-4713
-4133
-6406
-1686
-1280
-2620
-8664
-6815
-8156
6784
8755
8639
-179
7218
-3796
-9203
-9873
-1289
1161
3826
-1096
5107
1982
1717
1326
4170
-5093
-396
2158
-1372
7462
-7321
5439
-6572
-4752
9893
7512
7694
6421
-9475
-9137
-3123
7336
5135
-6987
2294
954
-8826
2144
-8432
-2598
-9412
-4677
-7228
-1283
636
-326
7436
-4183
-9024
-3199
3729
3016
1299
1644
-523
-9479
4408
7422
1622
-6126
9803
7158
9255
-513
601
62
1830
-4970
-6074
-3910
-4476
-4523
8157
704
8331
-545
1351
-2486
2686
6415
-3752
-6716
-7960
8079
9444
-978
-1850
3713
7879
7425
6103
6423
-3258
-5266
9853
-7882
1483
3233
5990
9335
2641
2788
-5760
8776
1085
1552
-9240
-196
4832
-9079
-6041
5581
-410
-8141
7078
6656
9091
5579
3391
-3978
-3930
-1624
7168
-7819
-8449
-8741
-5594
888
737
-5797
2578
-9027
1618
-1731
-2822
-9338
-5753
7147
-8466
5831
4039
-1185
-1114
4152
8349
-6923
7702
3236
1851
9944
-4822
9824
8339
-7698
7609
-1135
-987
-3873
877
-8296
-8139
-9849
1037
3177
5463
-3723
-7472
1368
1251
2340
700
-1668
6545
-9167
-988
6944
-7783
-7361
6131
2973
-3181
5321
-9415
-8860
8210
-409
3918
-7281
9377
-673
9557
-4193
-6968
5364
-4634
9584
-1380
-2637
3468
-842
3234
5361
-4348
281
4751
-1659
-9240
7405
3820
-675
6247
295
613
1579
2403
5146
-1225
3285
2631
-1498
3248
8549
4113
6388
1992
-8673
7809
4744
2996
7628
-3667
9174
8674
-8686
-3726
2058
-1507
3373
9542
-9890
394
-16
-4703
7636
-6049
-4135
-6212
-3553
2797
-6184
510
-2413
9887
6309
952
-1334
7644
-6656
-3101
5318
-2397
4303
6056
-2830
4994
6896
-2516
-724
-6990
-5855
-5168
-8649
-238
2455
-7174
-3211
-6286
7580
-4689
-1429
4532
-8109
648
-3779
9502
51
3542
1902
8541
-9966
-1160
-8122
9755
3582
-5872
4307
-2590
3893
6169
4605
7430
858
9235
-987
-7861
5180
-8929
-3198
5880
-5531
-4349
7556
-3972
-5478
7464
2489
-33
-964
8900
5953
5817
-6627
-3033
2223
5319
9786
1666
-1186
-8836
5854
-4109
-5958
-2301
-1547
-9088
-7643
9792
-7569
-6289
-7541
6797
6822
-5425
7283
-8293
8457
5177
-7637
-9135
-9674
-7144
8495
5983
3448
3284
-1494
-9733
5292
2082
-283
6261
5989
6657
8140
676
-6308
-5912
-4443
-574
-7057
-3313
9526
8187
1104
-2293
7375
-8726
5101
2726
-7672
9227
-4048
5486
6333
8181
6092
-9622
5437
-8444
7950
8963
-561
1832
5523
6771
-5032
7659
9731
2005
-9749
-7756
-3007
-5592
-6074
-5509
3822
-2242
3497
-7713
-538
-9837
6960
8269
5442
1845
5129
7471
1570
5504
9092
-1722
-1027
2166
9520
-8150
5230
6336
-8389
-7363
5626
-1240
-4276
-7340
3294
6572
-5083
-7021
2362
-8022
-1856
-8479
-1077
-6602
-7895
-3354
5303
3460
9478
4460
4434
7918
6801
-1651
5066
-6052
2409
-888
-5558
9505
9975
-5390
9453
-4729
-9792
-361
-7826
-605
-5962
5909
185
2117
4904
-2857
-2373
450
-7542
-5403
-4771
-9504
-4071
3424
-5264
-9243
-6291
-1911
-7686
634
7558
-6899
7043
8353
-5746
-1318
-980
-2642
-9646
-7120
6211
-5333
3913
7760
-4270
8833
8322
5203
8245
4189
2113
-3063
6311
-7192
-313
-8989
-4147
3305
-4596
-5837
-2912
-7082
-8063
6706
8503
2186
473
-7524
3265
5263
-5100
-1403
8045
1718
9277
7753
-9786
5946
-8284
6055
-5589
-1804
-1104
-6352
-1083
5259
-1076
8877
-5052
3502
-8095
-9132
-9558
8794
5986
5395
7019
329
3660
1088
6791
-7519
-1598
-4727
1500
8058
2000
-3994
-1238
4640
978
-2368
-3798
-6645
1391
6975
9642
2320
8123
6034
3317
-5180
-5235
5500
-3837
-1082
3031
-1666
8034
-9628
-2984
6708
-4828
4806
-1864
5989
6412
-4036
-8665
-5666
-5586
4657
-508
-339
-2332
-9985
1684
-8976
-3712
7875
9304
5859
-4718
9921
828
1328
9772
6184
5160
-1002
-9171
378
6663
9781
-307
-2020
5524
6157
6977
-9889
3918
-2099
9755
-3473
3014
6194
9390
6146
1839
-3621
8351
6102
-4233
8230
1988
7066
9079
5146
-6364
-1666
8384
-7076
2839
4429
-4301
8996
5984
-3710
-8188
-6461
-8941
-2902
2795
-7671
-1382
-5246
3534
-4808
-173
927
-6937
-8093
-803
1345
-1783
-3605
9691
-9664
-7170
4550
6983
8289
9820
822
2635
806
-4337
697
3062
-6206
3460
-7093
-4485
1442
8320
-9940
8367
-5620
-5165
7343
-6219
-422
8343
4329
-2055
-2304
-6548
9402
-6146
-178
-5977
-7111
2021
5665
5762
-8009
-7617
806
-9993
7066
-3778
-7645
-2531
5518
-5632
-7388
3501
9954
-443
1434
7471
337
5280
-3974
2500
1943
-800
-3020
7900
4234
-8749
9117
7353
704
-7910
8933
-1502
6169
-6872
6209
-2695
3854
4917
-8837
820
-9130
5220
-8081
-7024
-3721
-8536
4557
-6284
-4627
-1029
-9853
-1132
-1309
8256
-4511
3518
-7783
1981
-35
-3155
-5406
8565
-4532
4075
-7594
-9525
4050
-1107
421
860
-8191
-8895
-888
2659
-1914
-7382
-286
1375
-4061
-7165
4974
-3375
5430
236
9031
-2260
786
-3465
-526
4377
238
249
2125
1703
9517
-5942
8887
-5599
-5124
7972
2753
-8151
-66
5339
9663
2066
7
9507
7792
-6774
-5953
-302
7809
3848
9072
-8147
-8006
7636
-1918
-8376
-3851
-4277
4435
-1377
9424
7941
5732
-7938
2605
7005
8325
800
-9999
-9385
322
6305
1121
-1556
-3602
9290
-5496
-4048
7338
-3537
-5929
713
2683
8025
7002
-8424
8852
-1540
738
-5982
-1408
5632
-9832
-8065
-8183
4020
-3329
771
7992
6459
-7049
8444
-699
-6004
-6399
8936
3856
966
-6103
6510
6400
7132
2243
-4855
8045
-4388
-1950
6648
-7356
4097
6991
-6542
4080
4339
-5562
4314
-3112
-1684
3055
-2915
5596
3515
5174
-1586
-4777
9363
39
-1227
6109
-2275
-9208
-5747
8581
-2794
-3418
425
30
-7908
-8350
-4624
8392
-2086
7624
1633
5105
-5846
9434
7146
7658
-3169
4134
-5109
9629
9553
7910
-505
8448
7752
-1234
-8200
-6983
1792
-9059
5526
6061
-9966
6241
1361
1590
-2688
8344
-1429
-7333
-1402
6634
-9661
2193
-8470
149
-1035
-5408
3850
9520
7068
2056
6554
7831
3192
-9296
4618
7836
1122
1077
2690
-438
-3335
-5273
-3336
-5279
-9345
5109
8313
-6356
-9390
-8023
2065
8606
-1804
-1862
4794
-9522
8228
6744
2123
8674
-8647
-8164
7931
7602
8535
-715
2330
-7226
7429
1277
-5191
-540
-9047
1969
-3387
9740
390
-9212
8562
-5316
-5682
-725
9863
-4128
-3352
-9250
-1207
-2157
-646
-3551
1334
9384
9894
989
3638
-7861
3556
-3510
1368
-5217
-5160
-7666
4682
3010
-4410
-1912
-1142
-3812
7778
2755
-6069
7944
-8708
-2748
8668
9029
3848
7347
-227
9646
-8149
9067
2690
-1564
8904
6357
-8311
-2298
1007
4290
-2554
-2692
5754
-4419
343
-8705
2049
-5483
-5601
-2822
-3100
-9476
-8766
1982
7773
7277
-5583
-3453
806
-6730
8104
-5081
2540
-7139
-3969
-8850
7311
4921
2128
2029
5979
6927
-1672
-1511
528
-5615
7677
-6133
-7059
3058
-5087
-417
4114
9727
4916
-3952
6021
7463
6803
-3806
213
8983
-3924
8221
-4944
-1047
-878
6073
410
-7972
-5111
8652
-1430
-6685
-9486
-424
5324
-1496
7157
-5797
5281
-1292
3696
-8499
-8517
7076
8102
-9442
-501
-3285
1317
-1917
7841
-7965
2201
-3492
-5850
6516
-8052
-2177
1345
7606
7043
-9014
3220
-9724
-3782
1300
-6520
-8436
5458
8315
8080
-2414
178
-4291
2692
7137
-1371
1368
7510
6562
1518
6609
-9198
-9761
-3988
7781
-7869
-3530
-2835
-4209
2327
2024
-4406
-8144
-3674
9188
6288
7168
-7250
-4902
7297
-4677
-9276
8412
-1207
-2799
-833
3977
6104
3650
-11
-4213
6279
-147
3316
-4676
-2844
2630
3304
-331
-9138
2667
8185
-7434
662
6857
-6268
8988
-8140
-3105
-3035
-6338
-3963
9161
-799
-9712
3116
5349
-2417
9112
-9918
1475
787
6164
-9363
4275
-5070
-6970
-3223
-4212
7977
-1769
4496
3583
8788
-7467
7814
-3495
9551
-2473
7868
-9453
5386
-623
-1258
9397
9276
-3363
-2652
559
-3973
4912
5252
-4885
-73
4888
9346
-382
1200
-5991
434
-9840
-6173
2449
3982
7499
-8569
1037
-5113
1290
8893
8188
-1704
5072
7661
6183
1245
-3432
-8863
2587
-2689
-6578
-5860
-5443
-8398
-1713
-4931
5070
-4848
-7737
3769
-710
-3881
-5767
7812
5630
5237
2073
5182
-9272
4123
-8299
4164
7320
6738
-9997
-34
9842
917
-6027
5488
9457
-3962
2200
1453
2951
-2621
2640
-1191
-980
-7306
-8264
3499
-9828
-4181
-4055
1893
5095
-5398
-9643
5301
1816
-8750
-2702
5375
-8087
-4397
3655
6482
5509
-5970
-4476
-9367
-7245
5250
3906
2876
1773
6285
7038
9951
-2059
7487
-6087
-5199
-6370
-2226
1547
1998
-204
1913
8248
5193
2706
-187
-1314
9941
9418
-836
556
5405
-9118
5000
-3975
-6157
-6264
-8038
-5547
5470
9071
2848
-2088
-2027
1639
-6930
-3474
4518
9053
6375
2019
-7536
7038
8562
-2732
7886
4683
-1195
6171
-9593
2820
3460
492
-3714
1024
-3578
-3356
9648
-4456
5493
-4653
6612
-2675
-2330
-1806
-9975
-9939
7888
2804
-4852
7372
5143
5295
1572
-8709
-3020
4255
4698
-9461
-272
-3033
-5307
-6086
544
-3444
7125
-6704
-9444
-5473
-6614
4015
-5158
-9287
-5799
-280
-1708
5598
8390
6252
-1427
-8898
-3861
-6429
-3747
-2532
4899
4941
5115
-2360
778
-1696
-3048
6314
7792
3829
2229
561
-9714
386
3562
2004
1856
-1299
-6265
-2273
5177
-6384
7143
155
4460
-8087
8135
-6258
431
-9222
-9395
8776
-8776
-564
9229
1088
-3578
-8550
7943
-1151
-8992
1400
-9568
-9333
5276
2617
-9757
-7562
9446
5089
324
-8770
6322
4473
3446
3685
7111
9689
7424
2992
4551
7108
6214
4449
-7413
-9907
1218
-2621
-3747
-1266
7742
-1408
2035
-7308
1360
-3073
4740
-4917
7232
3991
-5681
4825
-2178
5555
-3394
1922
3788
-9583
-3374
-4740
-5075
-2728
6507
9400
4362
1215
-1388
-2968
4553
6633
-6532
-166
-7812
-529
645
-715
-2177
7774
-4643
-11
4809
125
-721
955
7838
-7385
-8882
-2453
4610
-2772
6603
-3311
-5826
-9195
-9054
-20
2589
3646
-7480
4258
8792
6576
6799
-4107
8491
-9718
-4185
4061
8950
-6661
6107
-8226
-6253
-3038
-799
-3015
119
9070
7113
-3105
-6324
-7346
6713
-3631
3980
-139
-8356
-5156
1836
-2449
-244
-4902
-1645
-353
6790
-3072
-8067
2023
-525
-6432
-6843
8074
7031
4052
1748
-4327
-9435
9867
-5803
3385
9319
-8854
-5330
9708
6332
-6028
-8410
-2012
-1781
9445
4590
-9059
-1130
-7222
3587
-326
-3524
-7360
-2556
-4917
-2231
6863
6833
605
-1856
-3579
1388
8394
-1761
5669
-46
8896
-138
-8956
-1640
-4988
990
-4194
6821
-5605
7214
-7123
6584
-6326
3161
-4485
-1563
-7671
-2139
-9780
2238
-4490
-7882
-9637
-7231
609
-9391
-5401
8332
-2469
2430
6229
-8725
5317
7598
6731
-8657
-1593
-6912
-8201
2988
1494
3253
-969
-9728
-3672
6337
-8580
-6975
-4661
2396
347
8697
-7604
4948
-3114
-4079
-9902
-292
1254
-1993
-9166
-8182
-6057
-7265
8005
-4505
11
-6008
9414
6399
1974
-855
-7020
-4854
2068
3248
7161
-5361
7123
5087
-1536
8775
6121
-8438
-8523
491
-79
6573
2065
-1258
-483
-500
1908
6099
6747
9159
3630
-7956
-8357
-7363
5209
-2136
-9307
-9734
-7078
-1440
-9032
2690
-2233
-7029
-2413
-7234
6109
5485
-9320
3933
-5016
-4107
-971
-9120
8883
2619
188
9224
6460
-7309
-759
3197
-874
5393
3777
1916
-4210
-6909
8432
9106
-9098
-8741
-3450
2720
7474
-5668
3829
1803
-4376
3373
1662
6187
8286
5624
1988
-1456
5117
-1849
2920
4085
-4429
9042
-5075
-9423
-1577
3845
-9347
-3650
-1004
-7105
-8457
2448
-911
-175
-4561
8285
-9997
-787
-3789
938
-9429
-7329
9710
5513
1266
6218
4034
3870
-2773
-3037
-8238
3741
3615
7228
7605
8606
-5657
5530
-3195
9618
2918
-9333
9679
7274
-6895
1488
5808
-736
-1699
371
-2313
-140
-7517
1177
7575
3150
2839
-2679
3172
4542
6009
4509
-3174
621
3
1031
-470
-8677
2147
-4194
6507
9861
7676
5604
4928
7815
2047
-4040
-3720
-2345
-9634
1360
9390
-4413
-7226
9072
-5829
-5420
-2602
-1216
4701
2194
8509
2201
3541
1090
-9545
-9682
3712
-24
7475
4617
3677
-163
-2134
7411
6752
-3654
2187
4567
-6491
3712
-8056
-4361
-2977
-6104
1183
-3700
1465
331
-8487
2967
-1197
4650
7643
7741
-7664
2786
6709
5709
9557
-8705
3719
-176
1194
-5016
1563
3794
-8985
-7408
894
2006
-1991
-8160
7066
7497
-5942
-2969
-9673
-3080
2945
1787
658
-7355
1265
8826
1643
8814
4266
-7696
4508
4823
2802
-7032
9216
-8369
-9951
-7468
6817
-1113
2295
108
-5997
-4665
-255
1068
-7200
7684
6393
-8154
2854
-2884
2083
-5727
687
-8160
7396
6608
-5250
-310
7019
4095
-8590
7902
2544
-805
9143
1241
-304
-2177
3299
9286
7125
5627
-1381
-8480
5614
969
-8400
-1118
1162
-7633
-5661
-4967
-8898
-2512
-329
1033
9160
4118
-6045
5792
1953
3511
-6199
-9422
6511
-54
4388
1520
691
6735
-9412
3272
-9299
-2587
4685
5686
5797
-6406
-4563
668
-6423
-6425
-8256
5965
5831
1722
2678
8571
4581
7494
-1224
5914
-6218
-465
-4629
2089
-731
2100
9831
-7739
8878
-6272
764
8323
-9946
-1711
-345
-8554
-5647
450
3800
3937
5327
303
-330
-7543
-5177
-6013
-2422
1971
4651
-7760
-2459
1159
-7132
-206
977
-4869
-8296
-9817
3256
-993
2555
4472
5379
6137
-5384
-3811
2732
-4194
9884
-3715
-4129
5879
-6883
4938
-4275
2997
-3591
6702
-7585
3041
-2072
-1849
-261
-1377
1372
3270
-1911
-5016
-9035
-798
6667
-7017
4532
-6486
-9167
-7315
-9917
-6244
-1681
3534
-2438
2815
-3822
-5320
9486
-5888
1502
-2154
-1815
2670
-3776
-8527
-4877
-3338
-7786
8821
7770
-8793
8130
-7853
1097
-4456
9828
4502
-1360
-6158
-2512
-1182
-9029
5895
7622
164
6489
3682
-2869
3103
-1578
7005
749
6851
3869
-5938
3393
4776
-6471
-920
299
-3138
-2843
1385
-7199
-8496
791
8579
-4780
9503
-9868
5477
7254
5960
6061
-2456
4486
-4662
-5776
-5547
-1644
-189
-2646
-8841
9294
-2275
-3143
3780
6665
-4742
-6936
-8816
-4856
-9777
198
-8079
-8349
-9997
-5630
7602
-2509
3130
3746
2165
-7126
-1142
6869
6768
-9764
2891
238
2193
-1179
4301
-5221
-2462
-3170
-7766
-559
-7427
4638
6362
4523
-6242
1264
6928
8219
-6975
-3738
338
-6027
4397
-4943
-6048
-6665
100
-5131
-8427
9102
7899
5942
-967
3030
-3699
-8391
-2846
-5628
-5001
-5104
-314
-2477
-5783
-8875
-8756
-186
-2699
-4984
-7139
3844
-9859
6064
-3675
-7939
-7714
7296
-6532
-4547
-3475
814
6593
-5183
-8656
3247
7491
1423
-4709
3257
6388
-5948
6385
6146
9290
7285
-8546
-8800
6391
2894
1793
-704
-7083
-2203
-4717
-3041
-4207
-9802
-5577
-659
4429
-8717
-9992
-4692
4569
1432
-5319
6964
9026
3032
6759
-1756
-6055
-9238
-2028
-6019
7120
2067
-2050
2489
3783
-6935
-1942
-8801
9352
-7062
7067
171
1339
-9652
8127
-3641
-2146
793
7917
8001
-7740
14
8715
-3030
-9139
-4455
4168
720
2543
-8333
-3483
9666
8973
-1566
-8811
7728
628
8380
-1142
9983
-270
-6867
-7887
1547
-1837
-9265
-5190
-1051
-4768
-8220
-3423
3580
656
-2809
-8377
6932
-5522
6053
3771
1088
-5728
-4112
2405
4889
-9300
3433
3915
3344
-8272
6066
2348
-5282
7315
5658
933
-2927
-3014
1167
-4303
-5605
1424
7590
-6655
5679
4175
5869
5518
6431
-643
-686
-2932
-4276
-4798
3121
1287
2086
-7704
5899
-2862
-6266
6632
-3302
-3296
1060
-7816
-5583
-1506
4533
9818
4116
-5852
9197
5432
-2770
-1343
8350
-4747
8321
8052
3635
-8708
6863
7481
4955
1389
6345
-8114
-4572
1605
2081
7189
-6876
-8576
6455
-3198
9262
5647
-2617
2889
8233
8227
-166
308
4467
5943
-6106
9359
9526
7114
475
9188
2818
4891
2975
-5079
-3625
-2971
-5926
-1991
-306
-8817
7616
-2017
-896
-1219
4144
1116
-8136
-4355
6494
5886
-4431
-2035
3769
5592
5182
-9428
-6183
340
-3758
-1865
9052
3546
-2924
6994
9763
6607
5552
7967
-3674
2884
-2062
4296
-1643
-6181
-9283
-8047
-1835
5791
-6015
9433
5143
-9524
-2286
4674
-7712
-2413
-7472
-4131
2983
-5814
86
-9996
-6354
-3619
-2839
-5471
-3408
7430
1079
-5188
-5663
-2972
5786
-1331
6299
-6958
-4517
-2010
7389
-9665
-9377
8897
-439
-5286
4454
6314
2336
9180
14
5462
5393
6057
-6012
4485
-220
4826
154
1394
9029
-9951
-9391
5212
8043
881
3430
1185
-698
-9098
-2590
6428
5059
-1712
-2998
-1006
-2652
-2629
-9319
2265
-5448
-3244
-9866
6042
4121
4862
1921
8358
-3132
-2488
-4435
338
7103
-1449
-9100
-2896
3847
-5936
1875
8082
-9256
7113
3595
-7074
-8723
-8869
-2370
-7265
1322
-8178
-3971
164
5977
-4846
7380
1553
8159
-3938
3198
-6852
7438
6093
3951
-533
4702
1403
-925
-6714
6944
9369
-3295
2168
-5630
-7447
7351
-9785
833
6474
-8879
-5172
8862
-610
-644
4258
8425
6193
-9588
-2202
201
751
7831
5559
2709
-1296
1663
-6215
1611
-1865
7982
-1561
-1872
3717
-1153
5506
-2957
4131
-3410
3996
-6053
-2333
1488
-2067
-5556
9653
3976
1934
5817
-9230
-6666
4033
-781
-9131
-6803
6892
-4546
-1324
-876
5869
-2429
709
2218
8949
2169
-7980
-7464
-8783
8391
1904
4054
-6911
-8654
-2033
-5026
-6220
-495
5267
5457
-3363
-7474
-7579
-2727
4470
-7901
-5313
8000
9055
-6991
-9664
-1489
1243
7359
-3322
-4714
4342
6331
-3772
-643
5318
-4010
9987
-2929
-8793
7659
-8002
-7485
-6837
-2086
8700
7572
-9895
-2162
-4995
-8357
2798
9195
-5842
5967
1791
1885
-9177
6591
-7578
-1057
-1327
-5662
4809
9945
5143
3677
-2305
2218
1682
-5848
-2567
1258
-6006
-5227
-9027
-3275
7230
-8631
8333
-3550
1339
8915
6213
8218
8087
3060
-4347
7180
9626
-8166
3246
-9144
918
-6603
-5139
2139
-7132
-4065
414
-5560
5960
-8591
6193
6334
-2853
-5237
-8824
795
9958
-5034
-6972
3880
-6630
8689
-2724
7711
-7017
7205
-9868
5344
5308
4383
-2272
8036
-3826
160
-2986
6019
560
3280
-963
5122
5103
2861
978
-7061
3587
1146
4318
8325
-7254
-6211
-9810
-4171
-7065
-1447
9303
3456
-2312
2990
-4662
-5974
-9159
-6438
-7576
-7727
6940
2156
-1569
8488
-630
-144
8863
-8258
2158
3151
8087
9380
4891
5144
6136
-9925
-7204
6586
-6533
-7151
-8519
8215
-4092
1574
7873
-2236
5889
6493
696
-8114
4197
-1708
9220
-7641
-6316
6266
-5534
1581
-3799
-2350
-6854
1771
-5978
2276
7919
858
4439
1446
7959
-8823
6799
-1430
7169
-8425
-6274
5782
-5360
-1260
3508
5705
9757
6648
5613
4527
-2660
-5269
1894
8472
-9223
1111
-4595
-6996
214
-3497
1199
-7425
8295
-4406
-83
4346
6281
2870
7709
5815
6573
-8905
-7470
6492
2193
780
-2719
7284
-5751
-7727
1084
-9954
7662
-4257
-3527
-6030
6017
-6575
2412
-206
4718
-5856
-1660
-6760
-2268
-9581
-9200
-2391
6649
1843
-5192
3964
-601
8121
1924
-9441
-629
-3473
-2419
8984
5901
1693
-3939
6732
-5319
1422
9579
1104
7868
-208
-8121
7977
3463
7281
4102
4600
2961
-9597
-924
902
4271
2245
5162
-3489
6362
-5046
-9856
5763
-5595
-7418
5699
-4474
7865
-6205
-8190
-7009
9222
9475
-8344
7024
-694
7890
-2544
-9998
1540
6723
-5846
-9390
6020
-5674
-5246
3734
3001
1446
7782
-7541
1727
136
-6183
-2580
9303
9797
2211
-2443
6097
2503
-2414
80
-6870
-4111
-8719
928
-3046
-8224
1257
-5458
-3189
-9277
9240
-1715
7903
9944
-967
6103
-6017
1015
-5239
-2297
6468
4394
7435
8938
-3976
-1529
-8524
9146
5986
-9435
-9159
-3211
1011
-4728
-3066
-22
4054
-2390
-5955
2571
-9488
-7462
-4788
-8549
4
-5627
307
9643
10
1737
7484
2938
-9660
7159
-3944
7882
6055
-6088
-4833
-513
-2518
-9524
-5854
-5723
232
4189
-4666
2652
-7237
-1060
9541
974
-1456
2549
-1969
-3949
-8597
-5133
3884
6036
3448
1202
5689
8983
8125
-8359
6437
4558
5987
3141
-2951
-117
-9615
-4785
-6395
7201
4976
7141
8201
-2725
-9836
4075
-7657
7008
-7112
-3806
-2329
-7439
5887
-7765
2239
-5798
-3556
4982
-1630
1672
-8646
-4589
8527
-8325
512
3009
-2117
7354
9710
-5820
-1456
-616
-6582
4459
-9718
3752
2465
2177
1376
-7959
-6173
-1955
7837
-5333
-6467
9298
5031
5597
-978
4271
-7349
-1067
-9857
3366
8256
990
5420
1923
6029
7310
5987
-6332
-9306
4830
2950
2352
-9254
8622
2697
-7561
4784
-2603
-2747
8199
2579
5030
-452
-9216
8836
2964
-3362
-9204
-8690
4332
8358
-8180
-1505
-5152
3306
-6171
3337
-1281
-8672
8860
-9608
-2902
9112
1072
3456
-6852
-9094
1419
603
7416
5256
-9262
-6558
-5911
-6176
-9127
-5331
2971
-4902
-4253
-5518
5244
-7594
-9257
-2038
-9723
-370
-4996
9433
-694
2352
-1099
-8176
565
1893
-4392
3876
7834
-8763
-1853
5648
-7839
-8169
-1020
-8330
7590
-9269
-7784
-5749
3395
2450
2082
-1818
-2387
-2875
6747
4370
1080
1492
3641
-8452
7821
1641
-3731
4625
-2808
-8674
7606
-2012
-8890
9668
8636
-8646
-3541
-2801
-4075
8486
8946
7684
5360
-8601
4485
-6526
3172
-1519
-7492
-7803
9404
4393
-2803
-1653
-1556
-5722
-8729
-9907
-4212
3799
1581
8827
1744
6371
1261
9605
-1383
-8263
-5624
9308
-659
-7294
-6376
-8779
4527
-7856
-1784
-7886
7359
-1431
-5816
3897
386
4469
-1960
-4900
8146
73
7332
-4363
-6386
-4447
1323
-8244
5035
1546
9592
9590
8922
-6072
1760
7477
-5628
3041
2105
2014
7561
-3109
718
-7216
7922
-5740
3007
-1160
-9254
7426
-2446
1829
-5408
1407
-4698
8696
-6142
622
-2354
-3432
-7327
-3720
-2387
9921
6078
9110
-2403
3078
-4212
1254
-4438
-7783
-3583
-7814
5639
8509
930
9788
-4948
2901
-549
-6733
9734
-4472
-9166
-1918
8996
648
6758
-5156
-4896
4912
-9349
2463
769
9029
5405
-5197
9413
-3202
3941
-1225
-1156
2396
6229
-4808
-3313
-6240
-7365
-6331
4284
7346
893
-2481
-3846
-6784
5230
-7248
-1657
3421
-706
6553
7181
4725
-2304
5402
5107
-9877
8150
2082
-5695
-9418
9806
-3034
-3761
-9568
1307
2967
-6806
-6343
-9070
9683
7822
7124
8967
3042
7995
7521
-2139
2362
-7188
-8872
-5097
-4372
3575
-2426
9568
-3368
9929
-6536
-6932
-4330
3640
4390
-965
-6136
3831
5084
-2741
-9540
8230
5669
6580
9127
3722
-9304
1765
9450
-1174
-1053
3580
-7946
-4952
-7997
-5699
8266
-9481
-3920
6582
-2566
4573
-3846
-4677
3130
-2167
1643
1457
-6279
-3167
5721
-8535
-2795
8824
-5780
733
-9876
-5341
-6112
7185
-7205
-2574
-4600
4048
-319
-8493
1174
-3913
-8954
2979
-413
8197
4008
5973
3615
5497
9761
6222
-297
1322
5603
8969
-5777
5841
-9255
2484
-7649
5258
-9993
-110
-209
-3649
3010
6179
-864
-2488
-3786
2421
3428
-7566
6422
1354
-2447
-2184
-1162
-3478
4984
-3006
-6601
2981
-6989
-9737
-2428
-7461
4247
1699
-947
7851
9785
-8670
7925
7733
2094
-8219
-7255
153
971
6782
-5225
8465
-4792
-814
7238
-4851
-6772
-4004
393
-4848
-1683
-2610
-9427
4741
2619
606
23
-1040
-7106
4284
415
8191
9998
4130
6486
3373
-5581
377
-9841
-5661
-2346
-5708
231
8664
2341
-2478
484
2383
-3118
-1976
4346
-7439
-8865
-2532
-1305
4915
3509
7368
2954
-86
-1982
6189
-4884
-2112
-827
6031
-3726
-3240
-1870
-1204
9098
8173
2699
-7754
-6932
-4897
5754
6606
-4794
7265
-7502
-135
-1896
2220
475
3803
-1552
1617
9624
471
-1369
-1517
5088
4652
9674
4367
4450
5948
-1686
6307
-7225
-1814
751
4633
-9266
9332
7055
1733
-685
-8714
-7712
8806
5845
-7763
1430
6921
9205
5393
-9358
-7261
1907
1582
2856
6678
9533
9347
-7277
4641
-7096
3833
-1333
-4910
9131
3835
163
7613
-6860
1458
-8538
-7807
7966
-7208
7139
-9125
-4646
2182
-3293
-4752
-8297
-702
6232
-8922
-3946
-6196
-2096
1580
4012
-9832
-2094
-9329
4785
9917
-1339
-4036
5021
8802
-4806
-4106
-9075
3733
9603
-2249
9761
9968
3325
1865
6986
-2285
4997
-6119
9529
-6305
7451
-4645
9746
1589
8159
8442
3901
4448
1730
-584
7339
5859
-3371
-9258
2712
-5785
-3113
-6673
-9147
64
9948
-7570
480
-1653
-901
4844
-2591
6452
6944
-2822
-8489
7695
5700
1712
-3355
-5312
5419
-263
-9037
-2221
-7693
1383
8678
4923
6516
7867
1247
4409
-8957
-7064
5663
-6408
2066
-3633
-6671
9253
-1636
-6113
2596
4800
-35
-7865
-9605
8902
6792
6232
-1592
8952
-96
-1478
638
5038
-3684
-5418
-618
8597
2850
-1297
-3341
-8895
1098
4024
-6809
-7250
-8251
-195
-1140
5664
4872
6491
3280
4388
-3241
-2351
4853
4434
-1857
-2304
-9720
-6637
1503
-9311
3176
3300
-926
-2726
3011
-1458
2864
-1814
8490
-5752
6447
-6736
7563
-9370
2274
-1157
-1124
-8763
-458
7308
1655
-138
-3035
-5951
-7548
7652
1357
-4350
-490
-7048
3459
-6666
-9300
8330
3470
-2488
5575
507
-2978
1621
7239
2021
9476
291
8586
2356
-6971
1082