-7181
-4827
-3726
8096
8719
-8192
-4058
3273
-3118
6763
8677
-9312
-7286
6241
7429
-5976
5630
-3118
-126
8132
9088
9760
1252
1427
1461
263
-2995
-5386
-211
6788
-5839
-4591
-2794
-9002
9644
2711
2330
-6546
-8361
1493
-9874
9631
2052
-8995
3923
-6006
9570
6913
9045
-7711
9896
3563
-1253
6909
702
-2926
-9489
5525
-4260
-1335
4968
4767
9426
-1954
-4932
9524
3747
5241
4131
7423
-4220
-4011
6885
7262
6320
-4787
2322
-3868
7899
-1223
-2820
-727
2188
5615
2880
-4713
-5753
3307
-9810
-5250
-8151
-1879
-2781
-8352
-7851
9146
-4047
3718
-5321
-7570
-1596
-3416
5267
-525
-6252
-2771
5310
1620
6146
5027
5089
-8770
-1073
-128
8204
7980
5438
-5802
-3586
-8217
-7075
358
-3059
-1137
-619
9762
-4703
-6039
4852
207
3478
3221
-5665
9811
6809
-286
-5732
9656
-8828
2123
-6565
-7615
9619
-4991
1550
-2206
-8702
6987
5231
5269
-9645
-643
-6530
8866
4830
5562
-2055
735
-3085
4572
651
-5266
-3719
-6453
4207
1879
-4882
8644
7661
8545
716
1782
-810
-9068
3803
-8648
1663
-8957
-8564
-2405
9506
3044
4502
9905
6552
6986
-8311
7970
-9539
6983
-7107
9925
-8157
-9853
1262
8071
2972
3628
-4344
-5434
-6020
-5129
-5073
-7724
6204
1699
215
-2953
5662
7573
-3519
-1627
8317
-897
-2376
3115
8826
4551
7470
-3821
-9622
2867
4292
-866
7896
3295
6245
-5827
-9867
-4035
-791
5992
6578
8670
-4611
-282
-6715
-9912
-1895
-1608
602
-1870
250
-4631
508
-5114
-7223
-236
6167
4426
-7287
1511
5412
-1787
1643
-4848
4392
-7567
2
-1362
3854
1603
-3909
8121
-7007
8364
-4336
7233
4088
-537
-1798
-1207
4269
-5007
525
-6657
-6050
2230
786
-4079
5915
-7017
-2599
8528
-2829
6946
709
820
3208
-3273
-3668
84
458
8276
-111
-8900
-8768
2815
2116
-1358
-4489
-4901
6040
-6837
-5597
1654
8873
-422
7634
-9185
-4502
574
5841
-802
-8548
9078
9576
9135
9799
-7723
-7779
690
7993
-5882
-8478
7427
-1262
6278
7354
-7083
-3511
-5539
-8439
7690
3803
-4619
7959
-9930
-9626
-2090
-6023
330
390
7366
1170
9487
98
-5393
7720
-1946
-5673
5872
-7893
-3792
-6022
-4060
332
-6835
-5411
2547
5419
-6653
-1598
1954
3953
-8710
9152
-3318
6878
-4515
-3970
-8784
-4969
-5261
-2518
4733
2434
7362
9832
1664
66
-703
1829
2010
5162
-7798
-7633
-7693
-6683
-1208
6758
2349
7372
-1833
-5902
-3930
4570
2423
3943
7001
8570
1983
6221
2098
1895
586
9616
9724
-1829
-3471
4133
-5740
5362
360
-4660
-258
-4447
-1348
2097
-7013
-7675
-6181
6984
6697
8174
-9609
-6804
-2167
6088
-9431
3885
-7342
3164
-5947
3760
-9838
-7507
1765
8935
4397
-7669
47
3667
-8182
6445
5984
-4222
-1076
8190
7607
-5824
3056
6600
6583
-8329
1539
1986
9600
8209
-8765
2325
-5778
951
-8637
8667
7000
4620
-8223
-929
-6296
3077
-6268
-143
4237
955
7629
-5143
8328
-9727
-4799
9495
-6542
-288
3186
183
-8676
-3231
7466
-6750
5788
-3423
-1785
3823
-3872
-5536
-3691
7126
5787
-1318
7113
8511
-5407
-7562
-7748
7934
-1409
1674
6332
1278
-5226
7836
-8728
-4262
7546
7490
9857
-8881
-9881
6922
9161
-3951
6479
-7798
1605
1292
6673
2410
4997
-6763
4931
8034
9978
6193
-5931
2866
-4547
-2779
-1272
-9800
-9194
2181
-8345
5106
5000
-913
-6040
8822
-8931
6021
2131
6768
8096
5332
-8972
-8341
-2719
643
7340
-648
-437
567
-4976
-3933
9115
-3763
4365
4178
9776
-9740
-2907
-9116
-9743
-6080
5886
-3789
517
-9589
2489
6650
5478
-1617
-9104
2582
7636
-2265
6826
-3936
-6663
6914
-8715
-8385
-9922
-1376
-3306
2100
-1998
3611
9406
3293
-2639
-1584
-7878
-9095
7306
-8859
-1374
4738
2884
7463
8904
-9778
3523
-6459
125
-4493
-992
-9382
8346
4167
-7329
2100
9545
-2738
3710
7890
-1374
2247
-634
178
-9472
1263
3267
9190
-852
-1626
3673
5224
590
-7728
6966
-1086
-1736
9486
-8006
-7947
-7671
9602
-2723
-2364
2796
3053
3185
5909
-1499
3902
-4759
7459
-1071
3552
2562
-2201
3735
5931
99
-6584
-5708
2623
-1488
-8457
-2887
-1918
7244
-7770
-8355
-4188
-8129
6535
6424
-1546
-7958
-5085
5496
2696
7597
-1175
4655
-5689
-5882
3728
-134
-4240
6057
-2223
133
-5598
3665
-5358
-7886
-9332
1718
-8514
-1708
7723
5813
-6952
8493
7974
-5948
-1023
5411
-2224
-9467
5041
2789
-3102
7423
-9592
-1770
-2719
-2155
-4686
4673
1610
-3888
4445
-1542
8747
6462
-4866
-5772
-6778
4849
-9524
1828
8642
7765
1192
-9141
-1104
352
6824
-5625
8712
897
-8597
5228
5941
6104
-6144
-576
-3165
-5165
-7090
-9402
-8741
2589
1158
1214
-3370
-1285
-270
-154
9240
-4388
5902
-5300
8283
-3086
-4873
7812
-7320
-8636
-1073
-6926
9246
9538
5855
6773
-4210
3704
-56
3866
4874
-5314
-4546
8091
4892
2305
-5036
6366
583
4230
182
3877
-7126
6900
-3262
2174
9402
-116
7396
-5195
-2900
-8021
-2282
-9021
-2482
3920
-1445
5554
-9555
-2125
2410
6497
-2343
9514
9046
-268
4842
2565
-5582
-5520
-9477
-447
-2522
-2288
-3038
-1764
7674
7139
-2984
-6428
5311
-74
-7157
-4098
5983
1261
4150
-4179
-5834
7925
7192
8233
4974
2257
-7774
-4506
4922
-1016
-4010
-2969
-4700
-6133
7877
5501
-4485
7031
-5353
-3094
-9010
-1367
6733
7017
-6906
579
-3716
-7867
8266
-9579
-2150
-8296
8436
6869
-2810
-858
-3991
7413
-5995
-6193
-9431
5119
124
-5549
4019
3168
-4516
5048
8990
-4627
-2761
-8152
-217
5632
9522
-6746
5925
-9378
6058
1413
-5000
3436
-4447
5480
9275
560
-4546
-2610
-4463
-6680
-7005
-8193
8702
-5747
5204
9414
-4268
9983
-542
-8393
8223
-1616
7517
-66
3249
-8472
3503
2642
-479
-7611
2142
3495
9014
-9110
-6985
-5001
641
-7195
1916
-2014
-3737
3728
9343
3852
-3238
-6299
-1313
-7047
-3232
-3542
-2079
2049
2060
9424
-7226
-9359
-452
-9924
-328
772
2685
-8860
-3170
6537
-6960
-1576
6107
-8625
-2669
-4336
9869
-4622
9017
-5311
9646
-5086
8902
3158
8356
-1425
2626
6476
-5471
155
9078
-2480
-7000
-3190
-8979
-1005
2801
3212
4529
-753
4393
3072
-360
5327
7723
-4857
1393
-252
-5358
1316
-6545
-8729
-12
-8717
-2307
-5424
1486
3530
-1162
-5395
-459
2549
7913
-7551
-8398
-172
9458
-7166
6015
8264
60
-5647
-3246
786
3021
3292
1934
-6370
-8288
4017
-9804
-6763
-7987
-7080
-4619
9296
-6843
4327
7758
2285
4932
-4997
-7692
5356
4330
3754
-5384
8568
5171
-5839
9262
-6049
-7473
1554
815
5445
-2201
-5239
-7167
3099
-8222
-671
-8630
4439
-2844
-3766
-2475
5802
-6492
4757
-9400
-938
8249
-8280
-3429
-1300
-1044
-3389
3926
-3943
5969
-7720
9503
7676
6705
7908
-8872
8004
-104
-454
-6374
-9839
-3960
-3916
4065
-6986
-5050
2671
7613
-2079
-5563
-9277
-8724
5073
1120
-2495
-7284
4265
-2761
-6156
9234
5057
-2689
-5116
-8346
1659
2040
7249
8752
-1473
-3821
-7903
-89
-4236
2181
5410
-9915
-166
5184
-4335
6845
-8571
4240
9808
8324
-2407
-4830
-4148
9354
6813
-3582
-5109
9561
-3026
-6215
5345
1776
911
-9056
7248
-2923
-5240
-9582
5880
-1449
-7235
-6007
6053
4656
1689
-5068
-3954
5123
-3601
4590
8496
-2778
-1480
428
-9012
-9856
2726
-1273
-5150
-4667
7701
4004
-2038
-4337
-6923
-9454
9584
-7310
-5799
9871
-7867
-440
8833
81
-2446
-7792
-9079
-9359
-8223
-426
-762
5378
-2814
-3183
676
-2658
-6091
8320
-3434
-7627
1383
7763
5367
-2383
-4548
6394
-5049
-4424
-2435
-5716
-4252
3183
3946
-1868
6926
9679
6469
-8088
6531
4241
-8809
-1960
-6451
-7165
3559
-4676
-8681
9452
-5936
-7880
4768
2927
-6048
-4555
5459
7831
-8151
1339
3088
-1727
-9662
8662
932
-7308
9737
-514
-4487
5773
-5303
-6202
-5314
9869
5432
9971
-2524
-6138
3049
2823
5628
-4491
8260
6760
4253
5569
-9639
7583
-2027
-217
2509
4109
-784
-8982
-7621
-8399
-4682
-7969
-7649
2455
7938
9817
-1247
7392
-9585
-2516
2115
-3972
4427
-4562
-5365
-6410
7511
-3353
973
3192
-9392
2128
2325
-6538
9820
822
1740
-3552
2937
5977
-5093
-6343
-1370
-6823
-686
-7769
7056
7315
-6933
-2060
-5406
-2941
-8109
6503
-8842
6842
-2945
-5601
2589
-5777
-4945
9006
-1464
8133
5538
-187
-6983
4458
3297
-2875
-3939
3285
-892
2066
426
-8688
-2470
-9780
-5623
6658
8743
-5075
4176
1013
-9741
4534
-4924
9166
4239
4600
3079
-8340
-9439
-563
8291
-8338
-4014
-5865
9443
-5768
-5050
-1117
7219
-2193
-7020
-4638
9584
758
-1443
-7914
8203
-2547
-7383
-6651
4962
1936
-702
-9960
-5066
-2759
1708
-4876
-8070
-1016
839
-777
-2127
2960
6194
-1701
1697
-2936
4059
-9280
-452
-3324
3016
1240
-110
3356
-4554
-5710
9551
1024
-4766
6691
-4822
733
341
-9604
6509
9998
9990
-75
5680
-8461
9856
6096
-4871
4958
8289
-8754
-5392
9728
-7332
2870
5085
-8136
5837
4656
6766
-3149
-3503
-3824
1205
-1120
-6918
924
3923
-5737
7983
7173
1811
2736
2871
3994
-4484
-5889
5779
-7503
9377
6780
-2482
-4818
4283
6525
5372
-6442
-3001
-7577
6428
-8515
638
-9338
4081
100
4360
-1151
-7867
-5456
9276
8968
81
516
4833
5304
6012
-634
-7281
-9084
6717
-4615
2669
6648
-6416
719
-7355
8084
7874
-6380
-9731
-8528
-6048
-136
9666
-650
-8392
-9597
-4688
5233
1502
-9154
2051
1858
-4261
8199
-4697
907
-3063
-2970
385
5881
-5136
-1061
-1547
6997
8569
9185
2920
8295
-5911
1500
-3560
-3961
1449
7503
-5794
-5389
-9777
1632
-232
-1024
7690
-3726
-3966
9733
-1492
5726
-6323
674
5174
6629
-9206
5
-2666
4024
1947
-7169
681
9187
-211
-8978
-1892
2221
-6516
-3256
-7691
2468
1655
-5335
-9260
1532
907
-9011
-8599
-1194
-4619
8613
-5275
6180
-435
3190
-3842
-9379
2544
5483
-4556
3890
997
-1046
752
-1424
5715
2456
2781
7897
-2396
-4776
1160
401
-6511
6547
5713
7877
-7522
-4757
8401
7485
-2449
6709
3012
5177
3796
7907
7446
9366
-1828
9776
-352
9154
2576
-7679
-73
-1489
-393
-3364
-3953
4335
-7510
-2355
6789
-2996
2598
1759
-7365
2768
-766
-9474
2971
1195
-4245
1597
-9048
-4895
5691
2344
7918
4767
2574
1761
970
-1871
4325
-6525
1193
5895
1624
-7784
-4082
-4013
-8026
5927
6669
1085
6336
-5756
10
-5787
7798
2929
9336
3347
6372
6133
-2780
7273
-9288
-5499
-926
5597
5058
-1033
-6278
3788
-8762
1629
-1525
-2490
8863
-8641
-2781
-2115
-4188
-8260
5616
7584
-3929
-2835
-6634
-8098
-4300
-6312
5094
7505
2606
-9647
8506
-5170
-3060
-3178
6207
9830
6617
4586
8781
-2209
-6380
-5436
9682
7869
-2938
-8743
-7804
3918
-341
-9498
5287
-8641
-3781
6473
-1470
5022
-3408
-1729
1144
-4014
-3736
-6163
8032
-2686
-118
852
-977
5996
-6976
-6998
4837
7998
6567
8889
-7976
-2667
6802
7609
-1983
4868
6459
2551
5909
-8997
9539
-8240
2278
8145
-7245
-3717
9745
8832
3989
-1547
2338
-1976
-3413
9239
6017
4984
-9271
-530
-6193
-4685
6661
9219
-9248
-9250
9381
-8324
9165
-3856
6282
-518
-2868
325
-2888
1615
1946
-8195
2232
6606
760
-933
2253
-5686
9932
7775
-6660
-3194
5340
-6017
8578
6936
-3326
4994
-3162
765
-1836
217
-6376
6900
-8828
-4182
-9177
2705
-5166
-3241
-123
-3842
1220
-9784
7012
-2828
-1362
-3037
9815
1176
-8587
-2328
-6776
9753
8912
-2408
6456
-1301
6603
4435
3509
7880
5674
-7898
-9783
9184
-885
8629
-8649
-6940
5611
1506
-9790
6628
-9214
-3569
2126
2679
-5260
7140
-700
4076
9070
-9375
3569
5756
-8842
-2523
-2181
-891
5790
3849
-2754
-5607
-5074
-5458
4693
-1170
-444
-4808
2017
-4900
3893
1379
-2272
5641
8344
1343
1930
-2392
7955
-3156
-2360
3400
596
463
-5748
-3776
-3057
-8444
7931
-6800
-3173
9961
-5562
-8438
-6748
7845
-5573
5692
5834
956
-3937
-4827
1805
-2392
9424
8407
-6385
2855
2491
-2926
-534
2312
-4999
-7320
-8715
2423
-866
5234
-8666
-1705
9532
-855
4824
3756
-1485
484
9307
2661
7667
5975
893
7663
-1677
-2519
9164
8374
5466
-2477
-8150
-5219
9139
-137
-2144
-5750
2220
7777
6548
6121
2881
-1901
-7632
8950
-7855
8230
111
-4267
-3907
-3821
7422
6056
-203
-311
5544
8192
9453
-95
8354
5235
-10
-6050
-6381
710
6356
-142
-2087
-6255
-8428
7713
-8781
-1721
8035
-5060
-372
3610
3655
-8397
-3097
-9742
-6025
-6435
-8254
1090
6682
5783
-7487
-6492
118
-2617
1181
423
3938
-6851
2842
1406
8339
9776
7190
5741
3800
-8905
7282
-9713
6367
-9151
8321
-3539
-2930
-29
-8950
1902
3671
5773
-7420
-7038
5539
-8252
1948
7578
-4041
3
8315
5232
-9199
-8040
-909
5781
-7032
7222
726
-2556
-8299
-8345
-1842
-4064
-5011
1600
2648
7306
-2186
6543
-2224
-6659
1053
9924
8083
9590
1647
3318
470
-9019
7178
-5408
488
9005
4089
-7502
5268
1684
9911
5413
7956
4826
-1760
7349
-8500
8037
4887
-7052
9880
-3110
-7848
6332
-5782
-6395
4610
-5495
-2482
-6259
5065
-3537
7403
5303
4036
6106
-7289
-3653
-6877
4931
6104
-8515
1243
-2606
4456
4878
-6819
3740
6916
-9963
-5608
-8604
5307
-1652
-8035
-835
-7165
7280
-687
3271
443
6224
6376
9075
-9700
3943
1682
-4679
-5227
-9512
55
-2944
8189
-3285
8587
62
3657
5877
8660
3708
5050
3855
5049
-1285
5476
1811
3589
1604
-1705
-8051
9158
-4695
-1993
219
6642
4614
7140
2241
-5622
-7319
-613
6038
-5978
-8712
-9437
-7421
-6360
6822
3249
8192
9457
-8628
3709
4717
-3230
-2326
5465
5479
6998
-8452
-881
-5518
9849
-911
-412
-5181
-8965
-2014
2434
7127
7046
-4386
169
3692
-9421
6582
-9157
7747
8061
-2532
3751
-7269
9380
-495
-1877
-6068
-6930
6305
-6232
-7539
8582
4624
1224
-1933
-3070
3215
6755
-2835
9248
-1400
5159
-6761
7223
-7459
2736
-8889
-8299
5993
-2720
-8912
6053
-3764
6332
1897
4550
3821
3878
7020
-6223
-4
6868
-9941
-8361
9112
5505
-9908
5041
-7438
-1240
-6342
5084
3103
8291
-7852
-6893
1128
-5719
2797
-5972
-1741
2046
5431
252
9137
-5658
-7971
9281
-1286
-8801
6676
1145
-4991
135
7241
1948
-1414
-7656
-8756
-3034
2950
-2738
7824
8608
1076
-3912
532
3860
-2058
-4041
-2556
307
-6586
6521
67
7521
-8208
-3444
6183
1821
9388
-1648
6570
2745
2169
797
-9166
5853
-759
1028
-9261
-9118
9498
4208
5236
-4193
-7543
-6242
-9184
-4928
-8576
9474
3773
-9082
1670
-8731
-226
3655
-4987
-9536
2242
-3608
2827
-6538
-1481
-9579
-3462
812
6933
-3512
-7162
-883
-2111
-6403
7183
-2286
9811
3437
860
4125
-2751
6968
9037
9618
3490
-2633
5809
-9498
-6841
8626
-2013
5104
-8239
-273
2713
3434
-4260
-8076
2360
-6367
7424
3980
8462
-2443
2339
572
3886
4116
-9768
-741
-6956
7727
5827
4176
1210
5922
7229
4299
-888
9895
1056
4970
5722
5196
6058
7282
-6271
-8567
-2514
-6970
-5135
9091
7560
6403
3615
6091
-9555
-8096
-3442
-6415
-5220
-7142
2492
-1222
-7199
5612
-8039
-9564
4351
-8240
5969
-8658
5622
4895
-8396
8132
-4408
-595
8727
-7598
9990
7964
-9075
7164
-6974
-7667
371
-1541
-6304
7915
643
6057
8200
-9650
-9257
-5199
8819
-3983
-287
-2677
5097
-5488
-3497
-2342
-3165
-4253
2675
3369
-8551
9553
-8593
4152
4724
5367
-9723
6829
-6231
7181
9378
5974
1591
-4088
-3297
-9490
6726
804
8879
8714
-862
-6259
-7592
-7627
-9956
6224
7291
3046
434
3505
-1091
-4038
1074
6341
8361
-2997
2994
3634
-5135
6169
-9654
-3726
3065
-1682
-1140
-9318
3405
3489
9409
-5243
2705
-8037
8764
-2109
1143
-5985
-6489
-5255
-6557
-3654
25
-2853
1800
6890
2547
6451
1990
-7876
3714
-1665
-1688
900
-7588
-4053
-1673
-7458
-8938
4679
-5085
3562
586
4904
-7352
-4437
-2105
2105
-5780
-4605
-3373
2073
-2150
6842
-8815
2000
4675
-8395
-2555
-4525
1101
7804
-1021
-9030
1839
-3411
-8543
6120
677
-2339
-3036
8564
-7816
-1365
-3993
8398
-7303
-3491
-9754
-2667
-3018
7860
-9993
-1241
-6201
7987
-9205
-6632
-4188
-6345
8543
-2430
-2615
-6963
-2402
7525
6495
-5736
631
-990
-5473
9051
-7960
-6398
-2648
-8585
7188
4950
5609
7155
3784
-299
8494
-5195
-5403
7769
216
-724
301
-3214
-4220
4125
36
5191
9397
9818
7415
3364
-7071
-7833
-5397
-5320
-2195
4985
4643
9910
3274
6004
-7213
-9052
-9592
-8484
-712
8871
8657
-4126
-5929
2640
7687
-5933
1662
-1484
-6285
-6167
8778
-3584
-6620
-4595
-7984
-4413
7649
9675
-1321
-6307
8568
-2642
7949
-3638
1992
-8261
-4531
7385
-9035
8898
-4361
7864
-9020
1651
-4145
4588
-1368
8667
-2654
-885
-4139
-2898
8291
-6037
5343
3489
-5074
-2034
-173
1335
-6691
-4581
6407
-6768
4380
-9730
-9595
4101
-6261
2058
-4338
1807
4968
8900
1854
5867
-2221
-487
-6948
-3145
-8871
-4034
6561
5335
-8484
9507
298
9219
-1323
-470
-5712
-5435
-5829
8867
123
7925
-2966
-14
1950
43
2226
9151
-1437
-9179
9762
-7244
-3054
1411
8207
-7969
-3488
-7382
8202
8725
-1861
-7213
-7999
5875
9507
8398
2334
8849
264
1862
-4770
9043
7647
8829
1610
-6216
2973
7549
-8208
2937
9031
3586
6830
5522
9241
6332
2610
-2559
3453
2475
3920
-2700
-3789
8263
6179
8256
1644
-540
9030
-160
9476
-1396
6619
-5452
344
-2788
3726
4273
-4348
3517
-8592
-4412
9485
3413
4579
-4035
3970
-6964
-2417
-7168
2458
7582
7186
3882
-9178
8157
-8909
-4662
-8084
-1952
-3908
-4113
4104
2527
-2286
899
-811
5536
1749
-6147
-4299
2099
5206
-2153
-301
-3423
3928
8437
7818
8316
-4324
9733
1263
-1254
-5703
9452
-6538
142
77
-6278
470
6902
22
-7545
-2669
1834
4776
-1352
2716
-3565
8059
-999
5949
3634
1258
-2935
1162
2478
1034
5587
8635
-1813
8820
-1260
-5587
791
-7330
-772
1203
2730
4523
732
3481
8657
-6488
5635
9128
9465
7159
4213
-8945
-7705
7929
-6961
-2809
4256
-7306
4314
8569
-8526
-1434
7690
-6794
-2824
-4213
-6170
-1574
-4802
9218
1235
-6983
-7091
6516
9059
-611
-170
3283
-752
-3655
8450
9205
4774
-8672
4880
4967
8765
1805
-3200
9190
7288
-4259
3567
6633
9460
3496
9101
4252
6521
8973
38
-394
4782
7400
-4658
-672
5970
-2247
4767
677
4678
-654
-64
-7353
8037
-8176
6302
-5563
-4372
1175
-2815
5761
-7212
-424
3344
-5968
-6738
3935
1013
2447
6295
-3720
-8195
-593
9886
-4757
1941
-7976
3296
-7121
-6936
-6802
6666
-3503
3732
-5273
-7295
4212
-9726
-6986
-9110
-6700
-6736
-1948
-3427
7858
-9086
2982
-1763
5470
-9302
-9394
88
2201
9498
5615
-3922
-947
9381
4935
-3739
3109
7954
-1257
-3449
4553
2737
5018
4723
-8607
-6079
4961
1045
1535
-3207
-5266
-799
9950
-7875
5397
8883
-6565
-9526
-6109
7825
7399
-4395
-86
4387
1365
-7749
-9594
3190
5996
5573
-7168
5829
7843
2689
-9059
2916
-4964
3232
-7528
1764
-9732
-5217
-3279
3063
-5708
5161
6685
-1545
1151
-1804
5202
-9882
-8303
5545
-3136
3769
-1244
4745
-6037
-2444
6597
9124
1098
-9578
8992
911
-9799
-2652
1903
-8781
6286
8410
-4544
-4516
-1881
-2356
-5600
-1887
-8118
-511
-1842
3312
-9456
3616
-7013
-5413
-8125
-6007
7305
6453
8848
5377
-7154
-2880
-9688
7915
-9009
4034
1683
2467
-1003
561
4477
7005
-9361
-1175
-1738
7571
-1150
-3186
-8405
6017
7631
3195
-2409
-4208
-6520
-7036
5649
1293
-4490
-4618
5483
1070
812
-2150
-6394
6197
-7736
-1193
1929
8595
-4073
-3782
7711
-5561
-9370
3017
-7709
9782
-4459
5283
-7618
-2801
-4858
-4257
-7817
2165
-4189
-9950
-5030
-2115
-9994
1185
8735
-5081
-445
3523
-3901
-7266
-8101
-2242
7358
-5758
-5650
542
1495
2826
9606
-7398
-7918
-4020
3111
-2358
7743
4952
-3949
1405
-1483
-6186
-2489
-7353
-9314
-2221
5479
2591
-1985
-9886
-3988
-1776
9492
8962
-4311
9902
3354
3779
782
-1371
-7997
9463
7947
3334
-5597
-3138
7309
-8558
-8135
5654
7020
8906
-570
-1728
804
277
-8906
4068
7081
-5941
-273
-5464
-7133
2093
8417
2193
9007
3299
1321
2795
5017
-833
3599
3458
-4019
-2662
-620
5810
1913
-3533
-5573
2782
9544
4595
-7716
-8295
5472
3968
-8894
-1027
-6759
1886
5379
-8536
6409
168
9721
8155
3207
-9897
-5819
3
-5642
-865
-2130
-5011
-2646
3048
-5243
6369
4532
-2902
-8967
-4409
-7918
2029
7065
3057
-5637
-2010
4406
8679
-848
3996
-3271
-2712
-5901
6223
4295
-2768
1102
3301
-8608
1103
9380
-2061
5856
-9358
-9988
8391
3148
1509
8571
3362
-7948
-6638
161
2079
6022
-46
-2641
-1391
2913
-3028
-7720
7851
-4471
-585
6598
-5632
409
683
427
2018
-5517
9926
9588
-9556
-6751
6360
-8082
2826
-9096
-2731
-9803
1184
7375
7277
-6609
4294
1385
4500
2368
2738
-6683
4914
-9443
-2702
814
3300
1495
-5643
-740
-1894
-61
-5207
-5720
-6294
-6791
253
-3476
1300
8041
7500
-6170
-910
-634
-4112
-5979
2922
6402
5166
3439
8963
-8804
5542
6275
5915
6576
-3114
3926
8299
6204
3401
-7233
5707
-3293
-564
3662
-414
-8787
-8404
3044
-6270
-6033
3579
7442
9183
5413
-8741
-2351
3208
-3657
2649
-4578
-5154
2443
-293
-8031
8986
347
-4416
-8470
-3089
4137
-9847
-4742
-1984
4991
-2151
9851
-1545
-9539
-4348
3038
7908
4066
853
-5462
3443
-3980
6193
-1919
-6818
-9959
2191
2284
-1260
-7010
-6306
552
805
8368
-557
7917
4819
-8364
-7155
-9648
10
7370
7961
-5533
7987
410
-3254
1238
8383
-1897
1541
-9363
8614
4793
6625
9489
6637
-763
9787
247
-9645
2257
3325
8164
6647
-8142
-4926
-683
-7530
-7509
5330
8532
-5603
-5372
-4577
5240
-8847
2943
9056
-4155
1350
-6321
2167
9164
7811
-3957
2716
-335
8034
1529
-9198
-4814
4664
-876
8712
-5243
-5750
4159
7639
8308
-998
5341
-5275
-416
-4082
-7549
-5251
8929
-4620
-9294
-9093
6627
8789
2303
-8180
-268
3216
-6244
8890
-7462
-2025
9045
-1619
8024
-2230
1591
-1500
2
-8894
7548
7101
-7278
5136
8107
-1841
-1585
4126
-8307
8610
-1331
-6311
-25
5290
-341
4860
8579
-7774
-6368
-9727
3117
-8265
9004
-6279
-3357
5515
-9593
-8806
9491
2606
-5207
-1275
-1997
-6208
-259
-4030
-1989
8303
-9204
3569
-1252
-6849
4629
-2164
8001
1076
-4072
2301
3513
-7038
-2508
7009
-4570
-3339
-8004
6920
5471
-5731
-793
809
-2739
4468
-6078
9448
-7107
-6360
-8804
-8752
1149
-48
890
-979
-2679
-4162
-1870
-2551
-977
-996
-1873
-1271
-246
671
-2902
-7479
-9132
-7555
7408
9805
9771
1763
-1017
9887
4873
6557
-4901
-5022
8852
-5222
-6502
-83
2920
9354
346
3868
-606
5937
7916
6470
-3121
6082
4448
1984
-8158
-3384
6918
6536
3978
-6212
-3744
-4023
-6811
-8409
-6822
-3070
3804
5181
-8398
-2865
-7367
6847
-135
-9909
-6901
-9958
-4069
403
7161
-9767
-5165
-7242
8087
7659
-8734
9999
-890
3947
2894
4189
7461
7477
5228
-3858
2424
2142
5765
-95
-9186
9824
-4070
-6722
-1916
8304
-4657
-1194
-4028
6099
-6253
-6127
-4527
-7953
5215
1725
-451
235
9734
-5993
2806
8073
-4747
8868
-1757
4065
-3663
-2456
-7196
-2045
9466
1183
-4613
4575
-4887
-6609
7150
-4104
-7104
9641
1552
-5830
-1786
7660
1557
-8662
625
-7659
1144
-4060
-4973
-8822
-6220
5931
9620
-5285
-5191
1552
7531
9068
-6710
908
946
-9152
-1407
-9846
5397
835
-8793
-8487
-6997
-4915
-2830
995
3229
1433
-3549
-7799
9276
-5030
7746
-4002
-5498
4645
187
-1163
8007
-1492
-6920
-5464
-681
-2195
5659
-2200
-4066
2392
1090
2289
-1916
-7306
2230
-3400
-1689
5627
6763
-5647
-4763
938
1354
-1883
6665
-3431
-8278
2345
-3011
-4416
5109
5535
-2123
8159
8111
-2417
-701
-4585
9872
588
-1243
-3789
1443
-1105
8764
7311
-47
2807
7302
854
7395
8606
-8109
-8688
-1389
-2177
-8026
-3761
5317
687
2491
-6946
-9459
-2982
8849
-6168
4023
-3921
-9926
-51
-2390
905
-5040
9708
7590
-2968
-451
2676
-3318
-4908
-951
5673
8041
-7035
-8686
3616
2968
2137
7010
-7205
-7525
-6971
-7320
-4642
8511
-7505
-3898
5450
-5014
-1452
-9395
3634
6973
6577
7730
5033
-7067
1063
226
-7371
7829
-7733
-1457
-9301
9755
6385
-6408
-3152
-4431
3417
3116
829
9164
9803
-1628
8429
8771
-2872
-1148
-8166
2794
-4530
-9416
-3796
-6596
-5282
-73
-4506
-1627
9777
-29
-3198
7195
-5545
-1284
6031
3163
7317
-4046
4306
-8521
4808
-9668
9120
2100
-816
82
6150
-2112
2206
7883
-7788
289
-6392
-207
-7466
-2474
1200
-9939
-9696
-8892
9690
3073
6799
6696
2348
-6245
6731
9216
-7878
6205
8986
-8976
-4054
3066
-2856
6899
-4840
5172
1964
6314
-8913
-8136
9566
-1403
-7689
-7062
-1713
1366
-8388
4892
-8559
-4080
-6145
3579
-4897
7885
1771
474
8493
8922
4855
-7884
-5931
-8027
9130
-4486
-5389
4116
7249
-6032
-1443
7908
-541
450
-1560
318
-7482
7589
3584
2994
9294
-6121
9899
-8597
1572
-9586
4099
478
5386
-1297
-6701
-4971
587
7390
-6285
6104
4268
266
-6984
9575
-9443
6662
8143
-9479
3958
6890
-6324
3963
-8005
8196
-5696
432
5559
-6359
-9574
-5807
-2600
2191
1342
7355
6888
9364
7235
4334
7455
2253
9603
-972
1371
-1479
-894
5177
-2412
4675
9691
1826
4209
7017
-6053
-5867
-2272
6890
-238
8792
8803
8040
9390
2372
8663
-512
848
-4864
-6381
-1754
7404
-9257
-3202
6867
-4538
9036
-8407
-1728
-7294
-1045
4053
-7988
3294
-4565
5793
3270
1354
-8436
2420
-5185
-3098
6282
-9920
6990
-1892
-4359
-3797
9130
-1324
340
-5709
-2480
-780
-4187
9960
7066
3085
7695
-4516
-5694
4429
54
-6082
-7710
6844
8272
-2476
9413
-4988
2657
-7691
-4651
-4276
-5110
3888
-8264
-478
-4139
2393
5333
-8908
7927
-1126
23
3043
-2975
99
9328
-3191
-7903
8418
-708
1136
-1337
-9840
-2668
7346
8307
3749
-8391
-4103
-7638
-9098
-8270
-3082
-8825
8983
9480
-7428
-3421
8304
-444
4162
7602
3368
1579
1969
5211
-3360
2274
1578
-8513
8043
-315
-544
1721
-6085
1488
-3464
-4981
-2011
-3180
-2191
2517
2785
-1545
-3792
6248
9830
9015
-768
-5699
-6110
9174
2557
-6210
-8456
-6714
1915
981
-9599
-5714
-2110
-8458
1794
-8501
3509
9897
7551
-1483
4047
4156
-9626
9313
6989
4153
-9139
9280
7712
-4038
-6664
8776
-3091
-4700
9724
9354
207
2056
7908
5528
-4541
6317
-3002
-6559
1926
-3888
-7543
4897
598
-4382
-1609
-180
-4061
8534
3726
1444
-7530
-4313
8944
-3066
5219
8241
-8477
1623
-2361
-3000
-3421
-5154
2095
5952
8058
-1544
1206
-3761
819
9376
-8242
-2801
4217
-6959
-8107
-4300
8898
2699
-6083
-5436
-7598
7773
-3271
-4778
-9536
6299
-7493
-322
233
4046
-1751
5330
-5851
3728
-3007
9873
7808
23
-8036
-6196
-213
-6961
9368
8608
-484
6256
-9518
-2221
-1096
4273
-4386
-1623
-5954
8013
-1387
2783
3644
-8102
-6224
-5578
7759
-3607
5371
7814
-7903
-8209
-8148
7806
7730
-8960
2770
2737
3177
-1155
8873
-9254
3675
-4360
-3386
5778
-2986
-2204
7014
-7725
8403
1761
-2077
6728
-6657
-6075
-2681
-1646
4824
2342
-717
-686
-1796
-5376
9777
7575
6817
-7669
6230
6922
1719
-5585
-4110
-1745
-1329
9665
9770
-6681
9727
-8177
-9599
3224
4476
-706
-5241
7554
-6799
6042
2733
1707
9837
-1024
6257
4687
101
-8085
-6784
2971
-77
8664
681
-1636
-2647
9636
7969
7970
6990
-2087
-4699
9614
-9201
3146
-1110
5169
1946
8220
8211
7326
3743
4199
-3179
-2858
6206
5066
3619
-2622
-3774
5458
472
-646
-2621
-8551
-9543
7851
-4178
6487
-7909
-8596
-7165
7732
4693
-8683
9297
8682
5666
-4574
-1220
-2246
-4626
7104
2577
-5208
-988
2004
-7252
4777
-1262
-9159
-6665
5132
-3535
1029
-8998
-9375
-7818
2702
-1360
-6868
7815
7643
2079
-7974
-219
-2139
9989
16
-692
2124
-9092
5310
-7596
9090
5761
-7792
3215
7380
-4610
4820
-2088
-1198
286
5498
4588
3638
-2113
-1015
-3833
-1096
-5051
-2592
8330
-9463
299
2160
-4164
3354
-5395
9602
2588
-5979
-5068
-905
4030
5987
-431
5966
6508
6338
5078
817
-8158
-937
2502
-2886
-8151
-8591
-2499
-5750
-8770
270
-7978
-5870
7415
-9735
2210
6358
-3051
-6893
5167
5344
-5395
3325
5469
-7592
-6586
-3996
-1569
-2437
1802
-8321
6891
-1157
9290
5970
1265
-878
4822
3608
-3257
-5240
2151
8921
1616
-4013
4357
3766
687
2342
-844
-8832
-5787
3517
-2722
-4007
-2721
816
-8848
-6002
4005
7680
5579
-4818
-3698
-8719
-3588
3583
1410
-3439
-5368
-5241
-7663
4886
3568
9051
-1787
-4462
-4281
3103
-9046
7441
1526
-5053
6556
7021
-6603
-6978
-8815
-8437
3389
1478
2009
1513
-5414
9402
-3730
1457
5675
6472
-9854
2916
-9141
7407
2694
9534
8543
838
3837
6626
-644
8993
9018
-9612
-5303
1586
1897
2674
5194
4856
899
3245
4863
-3454
6681
9060
5851
1498
-9155
5824
-4171
-5904
6264
1223
-956
7298
-1630
-4229
-2949
9156
-8825
7982
1416
-6500
-1944
5545
2102
-5897
4357
6220
-2563
6681
-9240
4749
-1428
9349
-6485
3316
5836
-8372
-6127
890
-1810
-1344
-6389
1653
-2700
6332
5348
-3732
-2684
7731
-9346
-3136
5429
-4168
1107
-8652
411
3503
9117
7366
-2869
-5009
6577
9538
5947
-7942
6730
-3436
-8706
1438
6642
1323
-9100
4530
-9978
3881
3158
5325
-7339
8335
-2535
-9104
1745
2553
-3106
8623
-7331
7471
-1823
7068
-7532
-5936
-2337
-1139
-2986
-9313
918
-8084
-1082
3483
-1570
2881
6627
8115
4808
4527
2555
-332
-5623
3159
-6109
1316
3709
3024
-3946
4001
-4768
1660
-6743
6714
8670
5716
-8391
8114
-6954
-6201
4984
8999
2444
1735
4402
6847
-4169
6549
-4265
-9168
5085
415
4838
7234
-2512
-3746
-872
5510
-3525
1438
-141
6434
-7719
1136
-2268
-8657
1232
1309
-4220
985
6316
-3401
-7442
-3382
8369
-5363
-3821
3659
5486
1777
9415
2998
2006
-6770
-4684
3577
-8704
-528
-234
8814
1452
8816
-7766
-6815
4893
-7679
2876
-3675
2982
-6872
-4560
-168
-7224
-6040
-7468
8243
-1367
8445
8276
-6043
-2146
9437
6239
7476
-2894
5961
8096
6753
-6349
6667
8912
-2257
-3565
-2843
-2859
-5282
8036
-7970
-1019
4863
-4842
-3930
-8205
8033
-8569
-6251
5885
-8484
2775
-6078
-4337
-7807
1818
-4749
-4410
6899
7055
-7240
-9271
696
-8772
-9579
2870
5380
-4405
-3411
2291
1952
894
-168
-2765
-8250
-1644
4448
-8046
7711
-6404
-9986
-8034
-5982
-611
8566
9556
-223
1240
3568
6870
8311
-1968
6079
-9688
-622
-3462
-1941
6855
1639
-9769
-3130
-1907
-9479
-8741
-9617
-2905
2868
-1095
-6208
1538
3415
-4782
9374
3151
-9710
-4902
1066
2521
1572
539
5455
-7252
3881
8255
-2773
-8424
5268
3737
2816
-1797
-2321
-5594
7464
6383
1971
-3188
-8349
-4103
-4050
-1915
-1293
-9160
7233
-8473
2518
-9399
2922
2341
-2791
4850
7076
8293
-7386
-2911
-1265
-4636
9096
-1634
4873
-9525
-2602
-9327
-4053
398
-5833
9607
-6450
-4042
-4084
-9795
-7657
-5482
551
-1581
-9287
6683
-9171
2515
-5070
-7211
4144
-9778
-3686
60
9820
8709
-6496
1206
3876
-8110
-5026
5214
6670
4484
3035
6706
-4161
1567
-8349
3267
6369
225
-8529
4962
-1037
167
-87
-5836
9151
5901
796
-4491
2567
-3185
2573
-6258
-3859
-7740
7556
5303
835
6967
6564
-8473
5624
9837
-1570
-3430
4015
-9184
-1051
1866
9541
-7718
3489
6302
-7550
485
-2942
5941
887
-8682
-7201
84
3282
-9164
8964
-5587
6102
1824
8920
-2466
8252
8460
-7266
8979
-5812
-4921
6838
596
-2514
-1498
2515
830
-9807
-661
3771
-2147
-4321
4622
2810
2777
-3630
231
-1914
-1641
-5440
3995
-3029
3399
-5770
-1760
-8441
-7627
-2330
-3934
-3538
6406
217
-8097
5977
-4125
8665
-2397
1214
-898
-1873
-5399
-1230
2199
-8375
9629
-1980
-4664
5488
287
-6311
2403
-7477
7915
-1091
4286
6453
-4648
-3494
3911
-5546
6942
8252
-8493
2757
8396
5638
-1496
1420
207
-4214
-272
5707
-383
2052
-4651
4004
-4623
-1411
-33
-1706
371
-9994
-4772
2541
4594
9225
509
-7166
-9079
-8805
-8529
-7236
8429
-7505
2083
546
4533
-7695
-8093
2411
-8223
-6831
1623
3075
-8000
5566
-2675
1907
7284
-6974
6378
-1859
9175
-1420
3891
-2158
231
1062
6514
-5625
-2866
-7584
-2539
-5332
3828
7492
-9737
8547
-3734
558
-1503
1319
-943
-1419
466
2856
633
-108
190
-7657
7478
-5255
6143
6567
7593
3715
6966
4902
-9038
5270
-3499
6839
-9570
-2102
-6317
1424
1880
5070
-8031
4861
9324
-1725
-179
2313
-5035
8314
3214
-6000
6271
9220
9643
-7442
-804
-3547
-1607
4324
3854
6784
682
2811
7576
7773
1626
-3232
82
-2282
1177
4863
2690
6222
9439
-9476
-9115
4061
-1510
-549
8314
2121
-6705
-4081
-2181
-4990
-5759
-8247
-2516
7355
-2011
5893
6184
5036
-8478
7620
8374
3859
-6042
4219
1110
9932
-814
7696
4651
-4983
8561
-7247
3941
-3524
-9073
-9345
8390
7627
-4049
1014
4694
-4412
7553
3338
2010
936
-1888
169
-5176
-7570
3277
-2695
-33
-6627
9366
7523
-6277
5956
-7549
8547
4035
1446
-3856
-7258
-8142
6334
-1389
144
-1119
7349
6328
6512
2476
-51
7166
3315
5760
4349
-1997
-2706
7090
9800
-9254
3881
6092
4643
5308
-7251
1127
6103
-3581
-5175
1024
-8386
-203
-3628
8604
5032
-8170
799
-2594
4937
-3935
-1557
8829
746
-4275
5696
-1775
9029
9269
-1257
-3915
-7845
4961
-891
5513
9573
-4427
5840
-3344
-7074
-3083
4271
-9665
1468
-3592
-8768
-8525
4650
233
8733
-3113
1420
8933
-8693
-7618
7124
-630
4449
-9326
-6233
6480
-4388
476
7120
4912
-2211
438
-8873
821
845
-5754
7717
4405
809
-7808
9394
6488
-9456
-5782
7245
-2947
9648
5538
5813
7554
9599
740
6921
9708
-9979
5854
8775
-8590
3611
8486
3852
-318
-9225
-8584
8013
9558
16
-9145
7703
-9693
-823
4566
-727
-9340
9344
-3906
-5629
-1443
8685
4989
-6340
-8518
2897
7599
6936
-4396
-1393
-6126
-1123
1203
-6679
9119
-2360
-7997
4951
-3788
6098
103
1213
-66
-8633
-7537
3342
9733
-1203
-1750
-1425
-3825
-6777
-7402
4682
3196
-2825
5974
849
-8671
-8319
8162
-4299
2860
-7033
6765
7995
1735
-6963
-9958
3828
5136
-6013
3242
3034
2674
8547
-4899
-8292
4015
-7572
-9883
-3917
8995
9938
-1819
-8529
-8963
-4432
2082
3155
476
8627
8457
-8358
7843
-6209
6431
-6639
-8442
-711
-1297
8201
7045
7287
-1883
-7279
-1703
-5306
-3164
-2392
-752
3749
5944
6193
-6249
47
-9307
7722
1711
-1319
9329
-4989
1311
9815
-5861
9893
-9574
-437
2354
-8472
2060
585
-3461
8761
2779
-5433
-9805
2573
-8531
-4691
-1352
1360
-7473
-6134
-8520
-7654
-331
4441
-9335
-1322
8992
2712
9943
4929
8762
-2599
397
-4585
-3035
-6634
1472
-4014
5930
-670
-6854
-825
-5936
1546
-3945
3845
-2532
5985
-6950
3964
-991
7233
-7604
-4741
4365
5510
-3104
2512
-6094
-6879
711
8589
-5529
-3668
1507
3332
761
-4995
-3252
-2136
4624
7297
-3796
-1833
-1218
6502
7120
-9193
9143
9144
3585
859
-3288
7380
-5870
-9884
-5563
-892
7906
-3397
-3794
-8132
4462
3565
-9776
2806
9474
-1287
-7439
-751
2965
7759
5229
4932
3080
-8991
336
6099
2616
-6095
8996
6481
-250
-3151
7878
-9416
9423
5137
7720
2903
8695
7574
-2927
-3210
4419
-6561
1726
9293
-9051
4538
1350
8762
-4721
3400
839
5478
-6994
-4872
-6702
9603
5303
-6187
-202
-1809
-9840
-3938
1193
9462
-4897
-6780
8625
-7691
-4668
5684
-8286
-3802
-9681
7040
1743
4267
4067
-7423
-757
-3857
657
-2787
8720
9433
9695
-6757
-7742
123
8808
-126
3071
5421
-7233
-2665
9883
-1163
-1321
-5814
7067
174
-6759
2152
-4696
740
-3007
-4448
-5409
7120
309
-606
7066
9232
-1989
4710
3793
-4934
3530
-2612
-3856
703
5199
-7986
-4410
-9593
3009
5541
3240
-5286
-3730
-4008
-3638
-275
9612
7108
2058
1018
9669
2810
8622
7547
3030
3923
-8729
-4264
1077
8007
2139
-7744
5910
-9063
-2064
6317
-1438
4478
2067
2278
-9474
5155
3618
6395
-1819
-5338
-8573
-4231
-4702
-9997
9900
6430
-333
-9637
2511
933
2480
7940
-1521
9384
-9805
-4239
-5300
-7650
5328
-5546
-9644
-3535
5275
8211
5295
-7840
1594
-2332
9540
-9774
-5093
-7899
9290
-9246
6322
-1086
-6150
8751
-7290
-2267
100
8090
6394
-9499
-659
3981
5524
-1764
-7234
5841
1325
-4082
5034
920
7191
1906
-9420
-1905
-4451
-6070
-6990
-7314
5727
-7802
5891
7574
-1610
-8256
1465
-8759
8195
-751
3640
9687
1490
278
-7355
1667
1116
-9949
8963
3340
-6437
-8120
-3651
7179
-3629
2659
8383
-2678
1562
-9919
546
-8067
8308
343
-6423
-307
-9511
4216
-329
-5190
-3909
-4466
7941
4838
-7966
-8045
8499
-3824
-2111
-7616
-3730
5392
3799
3252
7103
-127
2186
-498
-9516
-3579
3414
-657
5593
-3906
-271
-2074
1636
9069
-3278
4484
-2898
5809
5637
-525
-3750
4797
1082
-8799
-8695
-7023
-2720
-5089
8760
4246
-2504
3558
-4638
529
7962
8027
1486
5125
-6316
-4976
929
8054
-2152
9429
-4113
-2702
-6795
-3793
-4466
-4486
-7780
8683
-3316
-303
9815
1776
1365
-2281
277
5482
-8777
-3029
4125
9928
-1216
-1771
7634
6682
2148
-6388
-7012
407
-3707
9219
-4670
-4390
1647
-6940
-9161
-6074
-6380
7166
-9542
7806
3571
9562
-8855
-7131
4249
1689
-1516
5317
336
-2684
-4934
-6691
-9369
-9397
728
-3351
8909
-867
9652
1933
9639
-4335
7578
1884
-3998
3928
8944
9542
-3874
6457
-8957
8788
6015
-8929
-8661
-7886
1060
2626
2079
-697
-298
-7523
1124
-9865
-3366
9345
5926
532
-3048
4941
953
-4498
2810
-687
5820
9663
-1315
-1818
-5697
464
9023
-1749
202
-984
6613
-356
-6740
6535
-8083
-7156
-5043
6465
4589
-1178
7886
-312
-4585
4130
8415
8248
7918
4928
5914
-1854
9634
-2541
-3782
-5987
-1347
-2218
-2516
861
8093
5892
-2721
-615
-5109
-2816
-3946
-4343
7927
-5477
-9815
-1375
2571
-1539
2746
-984
6640
5304
355
2404
8359
-4940
-7873
-2393
-5938
-7239
6485
-2046
-7733
6539
7380
1476
9881
8689
4209
881
-8240
4879
8564
-5115
8536
6758
-5635
-3608
-251
-6657
-6168
1287
2462
-4244
-1147
6339
-2390
-6437
8419
1401
9303
-8842
1339
-8369
2424
8591
8351
8414
-4881
5448
-8401
8260
-4209
-6113
2273
-9901
4848
-1816
-2082
2160
7331
7616
-875
-580
-3909
-4769
4902
9335
-339
-221
9480
-4365
-7422
-8252
5233
4441
8314
5420
5943
4531
-2860
7496
4238
8255
2313
4823
-8976
5855
6487
9964
218
965
-2389
4721
-3236
-1416
3512
-9117
-3313
-5799
9875
8735
-4391
-1894
1953
4214
4342
6420
3249
-1585
8303
-5715
-3590
6983
2733
7626
1534
8493
-2189
5660
-2689
8520
-7949
7443
-9744
9773
-490
9169
6309
-9832
-3967
3667
-7999
3622
-5326
2723
9649
-4685
-8840
4184
1480
-2459
-9749
4855
-9758
7970
8395
-9264
-5103
-2320
-5174
715
5845
2718
-3183
334
-4908
-6905
7819
-1690
-9936
968
6168
4110
-5907
-2498
8375
-9672
-3490
2886
8805
-4909
-5383
-482
868
-502
3813
-7843
4132
-2504
-1382
-690
1591
7897
-4787
151
3475
-7362
7372
-3621
-8609
1855
1340
5962
-5803
329
4231
-982
9870
-2255
-3070
5665
-7191
8744
3321
-4582
-4161
-9820
4765
7843
-4899
9183
-1051
3652
-1948
1764
-6565
-8708
-2094
-9967
8795
2581
-842
8030
5651
-3135
5281
-2207
-9119
180
9741
7827
-3822
-7337
-1603
-6158
2848
-8081
-7814
3226
6845
7118
-150
-1172
-6483
-6254
-6757
6788
-8537
6749
9730
7716
8961
-5238
6432
8748
-4541
6860
8113
3874
9772
-995
-8016
-9458
-7830
-4147
-3607
-883
9565
-4035
6139
370
-8168
-562
-9967
-6656
-5580
-678
-9899
-4418
-4738
-6365
5669
-4313
8385
7701
3143
9536
2672
8015
-5991
-5681
-1077
2221
1131
113
-37
5232
-753
2617
-9905
-4533
2601
-6866
2952
525
8866
-2908
-1287
8826
3260
-8973
-6052
-1200
-7140
-5206
-7290
119
1336
-5165
-9528
4587
6243
191
6929
1926
-5829
3349
1533
-7450
-4552
-1870
-5903
-1222
7846
-9024
-8195
9454
8449
-1517
8660
-5574
-3441
-4398
3176
1577
3718
9068
3988
-6428
-104
8897
-6470
3597
-7315
-769
-9966
2796
4823
5266
-9343
6028
107
4932
6314
6766
-9357
9733
7932
-9127
4688
-7459
7910
5433
-4686
9875
-5827
6639
7788
-9227
-1147
3707
1512
5469
8601
2955
-7308
-8383
7423
9834
-9321
-6416
7260
-2625
7229
6997
3738
4945
-4236
-3566
-33
5659
-1959
4131
-7899
-1963
1876
-8442
-8107
682
3949
6184
7213
3999
-6790
-4093
7046
-7378
6226
203
-2741
7129
-2119
3051
-2798
-4980
7254
-3562
-4875
-8304
7514
-1725
416
6807
-9430
-1833
-7360
9517
5132
9019
-1818
8368
-7869
-184
-6495
-8045
-6726
-8455
9083
6172
111
-5074
7366
-1552
-5657
-6505
-9320
-4315
-2373
-5198
-3412
366
6125
7354
-916
-2417
2644
-5563
-9888
9855
-3812
1891
7388
1498
-8195
8705
6334
-4788
-6432
9970
8350
6912
-1051
-3765
-9594
3894
2149
-2391
8453
-8506
-2355
828
5979
9277
-9927
-8335
5286
7493
-809
-9918
3951
-5782
4058
9295
-3945
9292
3845
-7749
-2259
-5022
-6126
-123
-7540
1524
399
3993
5243
-6776
-9099
4643
-6579
-8453
3059
4856
7307
-7468
-2606
-6748
7792
6324
3692
-3757
9671
-1620
-400
8928
-9216
7881
-4560
6810
3218
-6106
-2974
-9480
3720
-6123
-616
4273
-6257
7383
4485
-1254
420
-3846
-3788
2100
5871
-6854
4813
-7774
4799
-6659
-9688
-7843
1944
-2856
6386
-6419
4078
-9221
5424
-2849
-224
9525
5742
-2229
262
2005
1539
2713
-3078
-6223
-5362
-3837
6762
-1770
5885
6157
4073
8906
-8392
-2591
-2980
-8176
-624
8319
7591
-1275
-2916
3143
847
-7042
-3751
-1017
-1499
2005
-1972
-7887
737
6072
-4428
8181
-2422
-2600
532
-3016
-9656
-9791
5548
2494
5803
9829
-4015
-6256
3841
3324
-5801
-7286
3417
-8266
-2050
-3098
8729
-8129
5281
-1694
-3309
-1701
-738
350
-8856
9646
8782
-118
-5479
-1390
9175
-8463
-302
-374
-7839
1903
-2954
-4327
-9852
9648
-3772
801
4103
1552
9168
6756
615
-9638
939
4596
-7949
841
-5874
1866
-8334
2880
6811
7888
-3579
-5774
280
-2617
8342
-2537
-5738
-1958
9452
2970
-9238
-4299
-5033
-1325
2829
4141
-9934
2589
-8459
-5141
-532
2237
-8367
4700
1013
2180
1628
-7408
8943
-7965
-7494
-2329
-7962
-1323
5733
3716
5465
6343
813
-8182
7748
-5900
-9233
-6724
-6082
-9232
-115
8392
352
6349
-1567
-9780
-7828
-6437
-8930
-1506
-2221
371
5972
6179
5884
-9632
944
9233
-9324
-4707
5491
-4334
7531
-1548
7279
2169
-3358
720
-2264
-2115
-532
-9815
1387
5167
6535
-5462
-2730
-2866
-3818
-6093
-4661
1984
1475
3081
-7316
-8235
8002
2379
-7808
2800
-9071
2561
2919
-2883
-5627
-3831
6207
-537
-6426
8058
6603
7963
1603
-9592
-2628
4739
-6726
9976
9922
-1674
-8505
-7396
2190
-3342
7685
637
6066
3671
-41
-553
2019
-5682
5039
3334
3657
611
6673
-6185
-7052
4383
-2190
-6404
9477
5382
4868
-8888
6308
-4206
-6134
-8977
-9775
3345
9699
-8596
-476
2312
-4976
-7356
-2966
2484
5431
-7053
-8563
1574
9699
-2385
-5624
1120
-7962
9118
-9324
1262
759
-5739
-4249
3550
2546
131
-7093
-2842
5473
3535
-1502
-6027
7782
2670
2298
2715
4144
-8093
7427
-3513
-8192
385
688
-9081
-6818
-1127
-2250
-6485
3020
7800
9661
7902
5643
1501
-5048
6581
-2254
3438
-4146
8152
667
-5886
-6184
875
9342
-7121
1851
7702
-31
-6892
-322
7492
2224
-8364
-7701
-4611
4604
7259
-1714
8646
1021
-7060
-4565
-5115
5423
4336
-1396
9238
2758
-383
2767
3072
3390
6503
2375
-9100
-4650
-4336
-3099
-5393
-4084
-9820
1893
6295
4086
7858
-3521
7219
8498
1592
6911
-4167
-3827
8695
-3078
-355
6301
-373
5599
2565
4145
5139
5339
-9819
-8322
-5208
-2216
7631
9895
-2933
4931
-2300
-344
-1879
4445
4690
-2762
7620
-1303
1389
3187
-7446
5577
201
2893
4349
2439
578
-8119
7253
330
527
-945
-6554
3574
2965
7153
-6613
-1667
2830
2960
5330
9761
2131
2412
31
8551
2402
8980
-1705
-8265
7415
6143
3934
-7111
7398
-5476
2853
6443
2280
-7882
-6025
-4843
-1458
9204
8946
-5447
5840
-9482
3338
1294
-9430
-4852
8552
9126
-6114
-6175
-89
-880
-5408
-6502
4515
-4149
-2047
-8296
-5793
-8286
-8324
9014
7900
-2863
4605
8993
8115
-5589
5347
9063
-8814
6578
-1529
6161
-2339
3704
8077
6213
-6045
6579
9979
-869
-6755
3740
8303
-7600
6217
8563
5903
-6814
-3192
1725
-9572
6212
4354
-5116
4820
-2023
3610
-581
227
-4426
-7016
-7977
-2093
-1914
4520
7373
-6453
-9375
747
9858
2205
3702
-7505
-5131
1959
1290
3811
-646
-7530
-7268
8690
2961
4002
6349
1018
7697
5311
-7081
9244
-2228
7346
-4724
-3932
-4342
3113
1878
-8821
-8686
7148
-8259
-2485
4714
-1086
2578
-3127
-3016
-7363
8580
-4407
-4007
9959
3799
-2433
-9500
7011
-6573
4961
7158
-9853
9903
952
1707
-2721
8368
-7674
-2346
-8143
7985
9315
-2590
-6922
-9871
2079
-8305
-6931
-3076
-6276
-5410
-8162
8249
-9828
-4751
-4259
2791
-4401
-6827
-8681
7796
8601
5668
-206
-9157
-718
-7427
-2000
7307
1900
-7346
9064
7676
8124
-5067
563
-4913
-8341
-8011
1025
-7954
-2023
1858
2173
-7516
-8945
5831
-4995
861
-531
9582
-6303
8995
-189
-6717
-5884
8160
4687
6844
2704
-9773
-8005
-4439
5481
6865
-3012
-3019
2955
-2201
-9020
1147
-2716
4251
6420
-3677
-5323
-9687
-5720
-4511
-4788
1217
-383
8231
-4130
5038
-1881
3735
-1434
4634
-7168
5384
2950
-1922
-5116
-5741
-794
8828
9907
1890
-3033
5513
8321
-7654
-735
8054
-8294
6966
-4435
-5455
2966
-6
4247
4264
7454
1893
-3407
-9400
5664
-4519
2134
-5111
-3268
-1758
-92
2562
-6254
-9123
2967
-2822
9538
-1654
-531
-2547
-1610
-8041
-5071
4800
8966
1502
5465
4428
6541
-7359
-4845
-6640
-2890
4158
7547
-4253
-6529
-8677
8905
9296
-5412
2482
-1899
2091
-995
5027
-2523
-6461
6412
7587
2241
3856
1220
-1351
5695
-995
-1596
8151
5767
2073
466
8539
100
3643
-6979
69
4630
3667
-1583
7987
-8816
-3829
2492
-8739
236
-3600
-6340
-9934
8764
-4935
-3225
-9983
-6157
3159
8462
5113
-2408
7422
6378
-3778
-8277
2419
2132
6284
2707
-7947
-7419
7598
4426
3370
-7039
9538
8355
-8115
4346
1561
6529
4829
-3828
-8566
9175
6828
-9305
8868
-8465
-9217
7373
2978
-7289
-6556
-3950
2250
2022
361
-8653
-7248
-9436
1787
1397
-150
-19
-3487
-5459
-6557
-1093
8242
-4414
-7708
9401
-9622
231
-7470
-9449
-7549
-353
871
2626
-8883
9124
5204
4782
9328
-6729
-490
1248
-5030
-152
2893
-9412
9869
8194
884
2253
-4069
2888
-6954
-1121
2680
-3625
3544
-3304
353
540
-8534
427
-2161
-7907
-8463
-6023
-7156
-2703
-3800
-81
7919
-8005
2597
-7673
-2480
-3455
-4845
5846
3894
536
1075
2270
-4597
-6661
-6440
-6517
-2940
-2511
2215
-8336
-244
5506
-8109
3601
-5574
2025
2108
6485
5561
2246
1196
5495
8322
2952
269
-4628
7662
-6731
-245
6514
-8427
5741
-9624
2330
-4543
5349
5405
-7938
4132
-8888
6447
7937
-3841
7568
-2203
-4591
-6972
-9995
2997
-2494
-3681
5775
-1390
444
-5624
4434
6229
652
491
-5690
2795
4735
5806
-2304
46
-475
-3928
-6385
1771
756
-1350
-1417
-7508
-667
-4069
4790
466
8537
4001
3086
3425
2248
-894
-4258
6673
5567
7336
-5322
7659
3609
-3340
3207
4710
8730
-4393
-1341
9711
8917
4272
7778
-4704
-6707
-1775
2204
-6947
9925
8715
-6792
-5994
-6352
-5409
8792
7972
899
4488
-2527
7229
-1298
-6934
7292
-6121
-2023
2145
-9030
-1400
-6102
-9594
5278
2546
4285
7653
-2800
-3304
3813
-98
7892
2257
-8379
-8812
-4255
-3697
2737
-3025
-7411
5491
4828
8907
-9149
3350
-4987
-846
2712
-6727
-3262
-8588
-617
-3634
7733
9222
2018
9626
1275
9522
-1133
-5917
-7180
7460
-8459
856
-294
-2879
8273
35
168
8714
-238
-5074
5174
8327
9371
3382
1692
-274
377
-8994
4241
-2453
-6120
3530
3230
-1572
-1779
-9233
4716
-4697
-9556
-1327
5316
-4056
5038
6617
1501
4167
1432
-5321
7566
-8218
2160
-4641
8176
1442
5133
-6889
-309
2990
6180
-1266
-3007
-1484
-166
-5518
-5824
-8105
-4641
4817
-2686
-7335
-2772
-6925
2425
-7680
-6470
-4891
7714
-1683
6272
384
-2048
2025
8657
-5388
989
9486
5865
2128
5709
5604
-7318
3596
3138
-8546
7644
3889
-4153
-5913
3115
-4376
-6281
-5101
6821
-1136
-4510
-7257
3857
-662
2076
-3786
-4972
-7066
-6671
3160
-9312
-7595
-732
9071
-9564
-8458
7990
-1612
-8730
6729
-8249
-1871
6352
-7210
-1880
-1640
6524
-5554
8620
-8151
9445
-4439
-3112
-2662
6326
5819
-3121
-8566
-1103
1609
3156
2916
7089
1353
-2796
2475
4642
1032
-7907
7054
-3589
8071
-7616
-8153
6039
609
-771
8034
8067
7667
-45
-9876
1822
-3307
4278
8113
9854
1667
-9641
3243
-224
4366
-9257
-3204
-724
782
6795
-7084
-584
-1409
561
8518
-5886
6207
-5287
7699
-8397
-9914
1936
4428
-5635
6560
2683
-2897
6813
2281
8005
-4164
-8320
168
-7459
126
3714
-3304
5291
-1293
-7814
9632
-8614
5046
-3810
-6921
-210
6134
9773
4024
-5778
-4897
597
5566
4956
2957
-8369
1003
7309
9667
4985
-9575
6241
-1431
8827
9163
-6166
-2344
9972
-9041
3811
4993
-7258
5397
746
1950
5725
1263
7322
1970
-9643
-7265
5378
-4708
3596
-9837
-5648
-5991
4968
5354
214
7667
6964
-6838
9962
-5680
-8960
-2149
7443
-2156
-1050
-8398
-3614
324
7730
-724
6276
-8810
4445
2570
-3820
-7333
-415
1061
-3842
-3976
-658
2002
-3487
8435
-7727
-161
5946
7794
-6180
-6764
-1372
-8420
3960
8004
7279
-2307
7104
6986
4109
1199
695
-7337
3758
-5355
258
1711
-135
-3349
-6162
-2206
9779
2066
6029
2057
-3176
4609
2204
-2155
-6056
-3444
-3671
1826
1670
3689
5963
7396
-5856
-7757
2769
-7724
4034
-3994
1408
-9101
483
-5760
-894
-2149
1435
-9170
-4679
8672
1380
-6331
-942
5860
-6812
-1690
-1612
3633
4537
-1953
9511
4762
161
8590
2144
8166
7402
-5750
9155
-5519
-8812
4414
6334
-3810
3475
-13
-6105
-2324
7625
-8025
-143
-4644
8716
6316
-2828
416
8830
-4737
1550
5478
5746
-9839
-7170
6508
-1150
-5505
-3803
-2826
-3046
9044
-8295
-9603
5699
478
9321
2719
-7771
3047
-5108
9205
-7380
-9651
-2420
7690
-6388
-3635
-2407
-1510
-409
4753
-5954
8979
4422
-4212
1142
2403
-3925
5273
-8880
-5054
6731
1485
8749
5302
-8422
-7269
-519
84
-2084
-6323
8598
213
-3881
-7651
-8552
-9682
9652
175
309
-1089
-8609
-7330
-6257
7264
-6205
-7411
-7731
5147
-1978
3242
1088
4590
-8578
-7384
4633
-655
-5857
8899
2874
2494
6649
-7658
-7514
6663
7933
3232
-4780
9323
-5809
-2047
-963
3439
7120
3517
-4995
1356
-2848
-4064
-2755
579
4576
1715
-3069
-9394
4779
-160
-1935
-4541
9963
-3014
-9076
4896
6658
7094
2947
-4625
-6881
-811
-4123
4874
4656
-2885
3769
6694
3159
-4878
-4350
-7879
-2125
1243
-8456
-4962
8692
7440
-6458
-1191
-2921
5523
3518
-1932
-6118
-4427
-5796
5160
-7300
-4433
6259
4840
-6120
6857
-3452
4829
-4652
-9366
-3724
-5661
4337
-3146
5787
2416
-5763
599
-1597
-6426
-7687
-1135
-3026
2323
8678
-1610
-3246
3932
-9045
-9109
-9682
-8373
8146
163
-7506
-9386
227
-3788
-3056
-1061
-9509
5767
-4802
4222
-891
6334
3964
-2451
8547
-3523
4967
7107
4214
-6923
4218
-3895
3256
-6445
7838
-7320
-5113
3651
-6093
-2175
-2755
5587
8979
3918
5352
8495
4812
-4996
-5994
-4177
4682
9138
-3466
-5098
6503
-1134
816
-6401
8603
7177
-159
-1717
-835
-1025
-5131
-3660
2441
-2225
-5222
-3372
-5221
7382
7549
2938
-6331
-8584
5384
-4176
537
-1784
4664
9469
-5159
1769
-7348
4409
728
-6329
-1112
-6374
3423
7074
1966
-3336
-4728
9178
7331
-57
-1208
-2128
5425
2521
3628
-5355
2288
3065
2831
2184
-9889
4568
-8317
4969
1228
4715
-4791
8440
632
7665
573
-9915
7476
-7194
-4401
6570
-3932
-9987
-428
-4438
7150
5579
800
-4710
-397
-3584
6390
6014
62
7222
6033
2451
1803
5638
8690
-394
8122
735
-2610
-5523
9885
7023
-1050
-7332
-1053
-4146
7710
3031
7689
2553
2462
9812
6659
6938
-5801
4267
-6727
331
-1082
-1097
-8730
-5784
-36
-1920
2608
5545
6838
4169
-6826
9374
5545
592
-3095
1499
7908
-3163
-5387
-4106
-4335
6767
-1310
2553
7078
-7405
9631
5665
-8522
8378
9944
8337
7413
2348
-5764
746
676
-2842
-9781
2079
8143
4101
-1831
8204
-823
9540
8521
841
-7827
-6854
2768
-7780
2484
6226
7664
-4750
-9168
4834
-541
-7531
803
-1919
-2036
-1460
-9706
7649
4927
-8133
9089
-8805
8562
2141
1879
-7051
502
3532
7870
7132
1470
-3356
-7764
-3939
-8519
7203
-2230
1428
2347
5228
-3377
-3389
7021
216
-5539
1332
4820
-6629
2594
6134
-3330
-8876
-9902
-6396
3586
-8634
-4974
9544
4491
-4681
-1079
3209
5769
-3007
-8228
7664
-8762
3717
-6026
9943
-7060
1091
-6389
-9108
4538
-6568
6769
1359
1039
-9486
6848
-6593
5180
-688
-1141
5392
-1526
1338
-1232
3907
-3136
-603
5923
7260
5845
-1792
-1010
7878
-674
-5256
8366
1544
-4752
-2414
1431
-2564
9175
-9006
7013
8277
3930
9950
251
-3358
3151
148
-2204
6314
-9081
1334
2740
-47
1357
-2733
1629
7694
3452
2671
5260
-5640
6263
-37
2940
-4543
-9201
-5811
-8086
-9043
-5856
-4926
-6624
-7783
-7164
8123
423
-9881
-9695
9189
6356
-319
-1134
-1746
-4925
-6191
-5607
848
1039
1243
-1680
4343
-5486
1268
2300
8408
764
4605
210
-180
-2432
-5681
2656
1222
-6956
-3891
2531
-2979
1008
-603
-395
-3761
-8684
1807
4594
-1482
5780
-5728
-5243
5819
-7474
287
3315
-2868
-9686
9221
778
5339
-5256
1536
2542
-6627
5724
-3712
-922
-7720
-3724
3644
-1230
8134
-6322
3570
3482
-6756
5019
-2986
9779
-8701
-7298
3373
-2050
-8499
1328
2499
-2530
6852
-1095
8093
6113
5153
-6250
2874
2241
9747
9319
2230
5519
3103
-933
-9822
1403
-5286
3190
3428
4975
9884
-7273
-1816
-5723
2801
4299
6454
-9645
-9468
1502
5234
2152
775
-4323
-6003
9170
8598
599
-6238
2696
6680
-8823
-2506
-9429
4293
1614
-1830
-6816
5159
-4609
-2423
-1933
3132
-5562
5063
-909
-6799
4579
7288
5295
-6853
-2338
-7769
8393
6436
7069
-2993
1784
8188
-3067
1953
4015
-5638
-6453
-3039
-8997
-1395
4972
2037
2942
-8502
-3557
-9900
7797
-676
-8795
4656
7508
421
840
9573
6997
-5624
1038
31
5005
-4843
-5953
-2023
9817
-9263
6261
4968
-6569
7806
8563
7362
-802
4867
8396
-7747
-3077
872
3364
4502
318
4673
6528
-4166
-4939
-1115
-1135
-5340
-9386
-7038
3517
-5828
3679
4543
3586
6064
926
4339
6426
1354
9578
469
-2453
7171
-8506
3514
9509
6696
8834
-9514
8183
4407
1095
-967
3445
-17
-3407
2448
-7974
8547
3627
7632
6423
9807
5134
-7216
-360
-1269
7680
-6051
-1247
-4671
-5527
-2441
7996
-5799
1774
695
-678
-4167
-1028
-91
-3717
3694
-8300
1120
1997
-8778
4779
-6610
1214
648
-457
-7872
2653
-746
-2224
-2444
-8042
305
-9546
9269
8764
-7635
130
2089
1528
-9855
810
3271
9241
-7399
6190
-2836
-4598
-5411
6203
-4302
912
2208
9886
3729
6555
-6454
-9659
9326
37
2858
-1849
3550
-2774
-4
-1578
4407
3246
-6464
9522
4477
-5766
-1416
5164
1014
-1110
-7122
-683
-8551
-4802
2299
-9703
-5912
-355
-6960
-5173
-8240
4228
-9085
929
4160
-6339
-7701
-4479
-6221
-7055
56
-2116
-4893
-6479
9526
8598
-502
659
-764
339
2920
-5896
4044
-64
-2475
8620
3806
4487
-813
9728
4915
-6016
29
3975
9259
-1081
-6069
7238
-38
7040
1394
-3729
3317
9770
-477
-6186
-9390
-9619
8273
-15
2448
8509
6603
-229
-5547
-7827
2853
-597
2662
-9131
-5379
1927
4476
8756
-2066
8630
1596
6891
7797
-5047
2313
-6796
7830
5343
344
-7387
9243
-1038
-7472
-6631
-9664
-8048
-2835
4771
-6462
1486
-5100
-1892
4481
-342
-6590
1224
5394
-7373
-9520
-6381
1524
9365
6103
-8654
-8677
8242
-7647
963
7565
6325
-880
8052
-5375
-4989
4238
-3786
645
8547
-1808
8868
-8496
2317
-128
7920
-199
2906
3706
-8989
-1341
-898
4547
8601
9993
740
-9114
-3846
-3301
9034
4193
-1019
-4971
-188
5012
4251
-429
3066
-2637
5942
-3916
-3226
-2577
7474
-9664
8187
-4677
7584
-7981
-7770
4312
2424
-5070
-3426
1701
-1287
3827
-5771
-9456
2736
-8694
8087
451
-1163
3129
-6731
1355
6588
-3700
-9695
-5409
4855
-7895
4164
-8429
7763
2906
572
7079
-9008
9423
6628
-7243
6728
-1525
8539
2997
-5559
-3453
-7394
6184
6282
7099
-8800
7433
-8486
-876
9342
-6376
2662
-7639
-3448
-9274
-1338
4168
-8198
2691
-3176
-825
-7002
4729
9033
-3901
-1190
-5388
-6826
2475
6606
-4442
-191
-5184
-2973
4677
8863
-1661
-6309
9639
-4786
4635
-1042
-4462
-3813
9942
-1913
-8493
8354
5873
349
564
-2308
-5414
-9150
2971
-9721
-1060
4522
-8489
-9810
-2727
56
8023
-4531
-9016
-2851
7310
-2573
1958
8092
8532
-4231
-5202
7616
-3948
4424
-6564
-895
-5488
5361
2021
-7624
9795
-7966
-7382
3767
7154
296
-4910
-2185
4475
7379
-8495
-3214
3325
-9603
8411
-1522
-1260
7218
-2895
-8914
5922
9827
-4540
-4069
1856
-353
8683
-9822
3136
5566
5769
-7853
-6763
-214
-2857
1106
-3820
-5831
-3228
-5731
-342
-4074
4222
1851
7720
4256
3671
1678
2995
-3635
-1119
-8039
-6155
60
-6185
-265
-6493
-4388
810
-7118
-5184
-149
-6163
-4988
3582
-5512
-9070
5993
5404
-3016
-410
-5112
1508
6446
8195
-2123
-8809
-6331
205
616
-5741
5419
2964
-7977
2936
4449
-964
-8973
9232
1244
-4551
9802
1197
-2490
6736
-7237
-9369
3211
3575
1918
-2607
-3587
244
9066
4330
-208
-4166
9377
-638
-6533
-6392
-9865
-5237
3108
-6695
8818
5902
-747
-2094
4495
-1788
4103
-2642
-5785
7794
-3236
9189
-1945
6583
-2146
7863
-4819
-7165
-8517
-7699
9153
-3952
-5599
4426
-1946
-7073
-2120
2262
995
-7551
5909
2255
6360
-2007
-8723
2846
2961
-5937
197
5520
7240
-9950
-1816
-3777
-8869
-8421
9842
414
6167
5463
-4061
-8997
6216
489
-5521
-6256
-4045
7884
8403
5012
-2380
2473
692
165
-4003
-8902
9098
-7785
6989
5820
4536
-1452
-264
-5399
-5695
-76
-9008
2406
4345
5160
-2273
5208
1077
-7242
2883
-1502
-5375
1431
6416
5851
4008
-3124
-6443
-9145
8152
-4510
-2042
9760
-9098
4980
2001
-4880
1695
5083
-3542
-144
8095
-8444
-3441
-8341
-596
-4272
-606
-3458
-8416
8701
-6884
5154
-2845
-4823
5178
-8046
13
-4582
1045
9842
-3816
-8662
3311
6346
-1926
2876
6342
8669
548
4663
4052
-5353
-7038
-5687
5478
2283
9611
-7769
-8930
-3621
2320
-1016
5714
-5872
-8623
-1357
7262
-8669
207
-3431
-3499
-1424
8942
-6760
8497
5543
-1928
3701
6253
-9680
3283
5982
2647
9858
6110
-4618
7886
-8942
-174
8697
-5923
-4
1552
-4591
-8752
2444
3707
1969
-8843
-7638
727
-1065
-564
8097
-98
1693
8635
-9236
-5300
8761
1007
-2869
-2486
3195
-9168
-4744
-5580
-2865
4365
5908
5274
-5503
-3826
-9207
6101
-4737
5475
-8670
-6100
-4220
-2422
697
1646
4460
-3027
-3720
-2744
-4344
-729
9451
6456
-4592
-2442
-5824
-1566
4785
5106
4893
7193
3802
-8840
-946
419
-9481
6009
5085
-9590
-9227
3619
9359
-4091
8240
-1304
676
2607
-809
1572
5156
-1842
-299
-3784
2019
-7768
-1622
7150
-7276
1088
7989
6581
-3424
-2483
8754
-6827
1217
-1434
6310
-6417
905
-2682
-4139
3431
3696
4496
7867
-1625
2697
-9284
5436
9139
176
494
2132
-5714
2861
-1569
-5031
1019
4021
6238
9453
254
8317
-3421
-1776
2904
-812
1228
-1782
-2072
-4440
8722
1251
4178
3661
-2174
-5944
-7908
-6368
4901
-9378
-2921
-380
-2015
6378
6780
-1218
4641
620
-8870
-2811
5610
-9186
-3969
1753
-4246
-7284
-5331
5498
-5310
8058
-2671
-2780
-4655
-8205
-2921
-8428
3614
-2833
-7652
-7061
-3718
7845
3272
9409
9239
-9616
-8666
9558
6092
-4678
7043
2370
-6021
-7146
3840
-5028
4014
148
3577
8997
8599
-8213
3791
-647
-6421
2418
293
-1323
-1668
-8098
-9328
-5021
1605
3081
-1837
4070
696
-8207
3474
-5962
-2637
8212
-9736
6772
-7840
-2154
-8730
-8028
1647
-4013
-9398
-6330
8213
-6931
5349
4465
-6362
-5631
2519
-5116
4428
-861
9989
6445
-4195
-2632
-9529
-699
-6382
1340
2076
-8796
5726
4167
-8994
-1937
8560
-3684
5141
-9888
3336
9164
4952
-122
770
-4157
-1622
3618
8740
-6996
5145
-6568
-4927
-8390
-6501
-6636
1657
-4212
-6477
-7412
2904
-2648
8836
-7791
-4685
8841
-6425
6491
-426
6521
8074
-2980
6660
3870
8895
-5302
-9383
679
6566
-4623
278
-1857
-6671
1264
1164
-8698
5562
5243
-4455
2847
-1899
-4264
991
-5181
-5485
9358
-4276
319
-5464
-1262
-7175
5704
-4165
5529
5690
7055
9854
6486
4107
-5393
5560
642
-1685
-8108
3778
-931
6219
9916
-7841
5850
3813
-5199
-2300
-8652
9651
8157
-1688
-5489
-2888
8673
-5939
8158
-4433
8093
-789
-9477
4292
-1903
-8218
-3052
6139
3437
-8934
4374
-8948
7375
-3022
3569
3877
3172
2451
8335
-5468
-3351
9592
-1485
3306
-5303
-8915
-6416
-190
3722
9314
983
-8581
-7390
-7374
7540
-6404
1792
987
-8940
-7002
-8705
7327
-394
-290
-4798
5810
6377
2249
-8578
8493
-5623
-1820
8746
9938
2587
-7694
1829
5716
-8712
-493
-6586
-829
-2411
-4898
-990
857
-5458
9965
-158
6136
8226
-9867
-6933
9159
5722
-3772
-7325
376
-7097
7149
-6208
-2275
-8323
9523
3344
-647
-7092
-8522
-2556
-9378
-3305
969
2211
7514
-168
248
-3647
7228
6386
6134
3882
-398
7877
-9105
8751
1654
7425
-3903
2133